% bbGt version=3
People 486 141 51 109 0 0 0 0 0 0 0
People 587 134 43 105 0 0 0 0 0 0 0
People 635 135 53 105 0 0 0 0 0 0 0
People 662 109 44 127 0 0 0 0 0 0 0
People 532 119 71 75 0 0 0 0 0 0 0
People 719 147 45 97 0 0 0 0 0 0 0
People 1045 238 53 141 0 0 0 0 0 0 0
People 1038 179 47 81 0 0 0 0 0 0 0
People 1088 474 135 243 0 0 0 0 0 0 0
People 598 300 54 172 0 0 0 0 0 0 0
People 638 319 73 173 0 0 0 0 0 0 0
People 689 296 76 192 0 0 0 0 0 0 0
People 619 445 97 285 0 0 0 0 0 0 0
Motorbike 565 517 286 209 0 0 0 0 0 0 0
Motorbike 1048 516 253 204 0 0 0 0 0 0 0
