% bbGt version=3
People 365 395 42 135 0 0 0 0 0 0 0
People 389 397 28 120 0 0 0 0 0 0 0
People 305 394 49 123 0 0 0 0 0 0 0
People 441 390 36 82 0 0 0 0 0 0 0
People 5 409 64 196 0 0 0 0 0 0 0
People 46 403 26 52 0 0 0 0 0 0 0
People 68 400 37 78 0 0 0 0 0 0 0
People 108 392 21 67 0 0 0 0 0 0 0
People 127 394 28 56 0 0 0 0 0 0 0
People 183 390 26 38 0 0 0 0 0 0 0
People 151 396 28 35 0 0 0 0 0 0 0
People 216 396 21 30 0 0 0 0 0 0 0
People 270 398 20 37 0 0 0 0 0 0 0
Motorbike 53 438 146 134 0 0 0 0 0 0 0
Motorbike 199 439 136 108 0 0 0 0 0 0 0
