% bbGt version=3
Motorbike 283 271 25 40 0 0 0 0 0 0 0
Motorbike 427 280 50 54 0 0 0 0 0 0 0
Motorbike 588 285 46 79 0 0 0 0 0 0 0
Motorbike 35 310 142 87 0 0 0 0 0 0 0
People 25 249 30 131 0 0 0 0 0 0 0
People 63 251 62 141 0 0 0 0 0 0 0
People 128 248 63 148 0 0 0 0 0 0 0
People 195 244 37 94 0 0 0 0 0 0 0
People 315 255 22 51 0 0 0 0 0 0 0
People 285 256 20 36 0 0 0 0 0 0 0
People 355 258 21 28 0 0 0 0 0 0 0
People 441 258 23 41 0 0 0 0 0 0 0
People 400 273 31 40 0 0 0 0 0 0 0
People 527 245 44 106 0 0 0 0 0 0 0
People 577 269 31 29 0 0 0 0 0 0 0
People 604 257 33 78 0 0 0 0 0 0 0
Motorbike 339 276 19 33 0 0 0 0 0 0 0
Car 228 258 26 27 0 0 0 0 0 0 0
Car 257 260 27 24 0 0 0 0 0 0 0
