% bbGt version=3
People 10 186 44 120 0 0 0 0 0 0 0
People 437 176 12 47 0 0 0 0 0 0 0
People 546 176 18 41 0 0 0 0 0 0 0
People 476 175 34 64 0 0 0 0 0 0 0
People 519 175 14 36 0 0 0 0 0 0 0
People 507 171 15 35 0 0 0 0 0 0 0
People 208 183 21 27 0 0 0 0 0 0 0
People 308 194 18 21 0 0 0 0 0 0 0
Motorbike 336 196 47 38 0 0 0 0 0 0 0
Motorbike 372 190 45 40 0 0 0 0 0 0 0
Motorbike 505 187 21 32 0 0 0 0 0 0 0
Motorbike 544 188 21 38 0 0 0 0 0 0 0
Motorbike 471 193 39 71 0 0 0 0 0 0 0
Motorbike 619 188 20 29 0 0 0 0 0 0 0
