% bbGt version=3
People 40 195 61 138 0 0 0 0 0 0 0
People 105 184 55 52 0 0 0 0 0 0 0
People 243 185 37 50 0 0 0 0 0 0 0
People 308 190 25 45 0 0 0 0 0 0 0
People 148 154 80 264 0 0 0 0 0 0 0
People 397 207 23 53 0 0 0 0 0 0 0
People 381 195 25 30 0 0 0 0 0 0 0
People 268 163 125 187 0 0 0 0 0 0 0
People 454 186 31 50 0 0 0 0 0 0 0
People 418 177 67 186 0 0 0 0 0 0 0
People 527 191 23 51 0 0 0 0 0 0 0
People 534 160 83 230 0 0 0 0 0 0 0
Motorbike 254 225 152 175 0 0 0 0 0 0 0
Motorbike 7 275 74 141 0 0 0 0 0 0 0
Motorbike 518 208 24 39 0 0 0 0 0 0 0
Bicycle 407 242 88 154 0 0 0 0 0 0 0
