% bbGt version=3
Car 311 142 190 184 0 0 0 0 0 0 0
People 399 115 35 52 0 0 0 0 0 0 0
People 346 118 20 32 0 0 0 0 0 0 0
People 323 114 22 48 0 0 0 0 0 0 0
People 291 120 24 47 0 0 0 0 0 0 0
People 261 121 41 87 0 0 0 0 0 0 0
People 232 124 24 52 0 0 0 0 0 0 0
People 195 120 36 65 0 0 0 0 0 0 0
People 131 111 68 123 0 0 0 0 0 0 0
People 64 119 60 82 0 0 0 0 0 0 0
People 4 120 56 110 0 0 0 0 0 0 0
Motorbike 2 169 41 78 0 0 0 0 0 0 0
Motorbike 76 164 45 61 0 0 0 0 0 0 0
Motorbike 140 171 63 87 0 0 0 0 0 0 0
Motorbike 203 147 30 48 0 0 0 0 0 0 0
Motorbike 232 147 26 43 0 0 0 0 0 0 0
Motorbike 254 154 41 72 0 0 0 0 0 0 0
Motorbike 288 146 29 27 0 0 0 0 0 0 0
Motorbike 315 138 38 30 0 0 0 0 0 0 0
Motorbike 348 138 24 31 0 0 0 0 0 0 0
Motorbike 394 133 44 34 0 0 0 0 0 0 0
