% bbGt version=3
Car 2 207 125 180 0 0 0 0 0 0 0
Chair 483 260 48 72 0 0 0 0 0 0 0
Chair 400 249 42 68 0 0 0 0 0 0 0
Chair 337 246 39 55 0 0 0 0 0 0 0
Chair 238 245 33 42 0 0 0 0 0 0 0
Table 279 247 39 68 0 0 0 0 0 0 0
Table 444 254 39 73 0 0 0 0 0 0 0
People 55 192 36 34 0 0 0 0 0 0 0
People 103 217 29 59 0 0 0 0 0 0 0
People 135 210 24 61 0 0 0 0 0 0 0
People 136 192 60 134 0 0 0 0 0 0 0
People 253 217 46 54 0 0 0 0 0 0 0
People 302 219 43 52 0 0 0 0 0 0 0
People 406 218 51 109 0 0 0 0 0 0 0
People 438 222 23 32 0 0 0 0 0 0 0
People 468 222 36 38 0 0 0 0 0 0 0
People 459 226 72 103 0 0 0 0 0 0 0
Motorbike 295 250 104 176 0 0 0 0 0 0 0
Motorbike 180 248 101 176 0 0 0 0 0 0 0
Motorbike 547 222 92 201 0 0 0 0 0 0 0
