% bbGt version=3
Bottle 317 30 57 53 0 0 0 0 0 0 0
Bottle 419 32 27 51 0 0 0 0 0 0 0
Bottle 466 39 28 46 0 0 0 0 0 0 0
Bottle 309 92 180 46 0 0 0 0 0 0 0
Bottle 250 47 33 34 0 0 0 0 0 0 0
Bottle 215 87 98 83 0 0 0 0 0 0 0
People 222 170 92 100 0 0 0 0 0 0 0
People 293 155 76 105 0 0 0 0 0 0 0
People 391 154 50 80 0 0 0 0 0 0 0
People 444 137 71 145 0 0 0 0 0 0 0
People 516 238 82 93 0 0 0 0 0 0 0
People 431 238 75 95 0 0 0 0 0 0 0
People 393 243 96 69 0 0 0 0 0 0 0
People 599 231 39 70 0 0 0 0 0 0 0
People 158 223 99 104 0 0 0 0 0 0 0
People 269 237 96 98 0 0 0 0 0 0 0
People 11 220 85 113 0 0 0 0 0 0 0
Cup 101 263 28 62 0 0 0 0 0 0 0
Cup 565 261 24 67 0 0 0 0 0 0 0
Motorbike 73 286 400 275 0 0 0 0 0 0 0
Motorbike 295 277 340 277 0 0 0 0 0 0 0
