% bbGt version=3
Chair 239 293 27 33 0 0 0 0 0 0 0
Motorbike 352 279 95 58 0 0 0 0 0 0 0
Chair 430 269 31 44 0 0 0 0 0 0 0
Chair 457 271 25 37 0 0 0 0 0 0 0
Table 111 292 34 31 0 0 0 0 0 0 0
Table 153 292 33 37 0 0 0 0 0 0 0
Table 42 284 56 40 0 0 0 0 0 0 0
People 303 240 38 93 0 0 0 0 0 0 0
People 292 250 21 41 0 0 0 0 0 0 0
People 375 258 24 38 0 0 0 0 0 0 0
People 402 257 23 33 0 0 0 0 0 0 0
People 170 262 45 68 0 0 0 0 0 0 0
People 160 264 24 36 0 0 0 0 0 0 0
People 131 268 30 31 0 0 0 0 0 0 0
People 235 266 33 28 0 0 0 0 0 0 0
People 71 251 27 37 0 0 0 0 0 0 0
People 6 262 41 64 0 0 0 0 0 0 0
