% bbGt version=3
People 442 583 22 80 0 0 0 0 0 0 0
People 459 599 26 62 0 0 0 0 0 0 0
People 561 579 29 66 0 0 0 0 0 0 0
People 660 582 43 65 0 0 0 0 0 0 0
People 706 586 25 64 0 0 0 0 0 0 0
People 740 592 31 49 0 0 0 0 0 0 0
People 1035 560 39 61 0 0 0 0 0 0 0
People 1138 574 44 50 0 0 0 0 0 0 0
People 1071 586 24 35 0 0 0 0 0 0 0
Motorbike 6 632 120 218 0 0 0 0 0 0 0
Motorbike 88 608 174 262 0 0 0 0 0 0 0
Motorbike 198 611 216 274 0 0 0 0 0 0 0
Motorbike 422 646 197 246 0 0 0 0 0 0 0
Motorbike 758 606 94 65 0 0 0 0 0 0 0
Motorbike 851 583 50 82 0 0 0 0 0 0 0
Motorbike 604 642 237 279 0 0 0 0 0 0 0
Motorbike 872 593 253 343 0 0 0 0 0 0 0
Motorbike 1145 606 132 75 0 0 0 0 0 0 0
