% bbGt version=3
People 78 183 36 48 0 0 0 0 0 0 0
People 44 207 38 100 0 0 0 0 0 0 0
People 11 201 38 107 0 0 0 0 0 0 0
People 196 189 63 137 0 0 0 0 0 0 0
People 294 173 48 157 0 0 0 0 0 0 0
People 377 177 36 71 0 0 0 0 0 0 0
People 388 186 64 145 0 0 0 0 0 0 0
People 475 187 36 47 0 0 0 0 0 0 0
People 506 180 37 85 0 0 0 0 0 0 0
People 543 185 30 51 0 0 0 0 0 0 0
Motorbike 132 188 149 143 0 0 0 0 0 0 0
Motorbike 249 221 123 109 0 0 0 0 0 0 0
Motorbike 340 222 167 119 0 0 0 0 0 0 0
Motorbike 457 217 127 111 0 0 0 0 0 0 0
