% bbGt version=3
Car 348 278 284 80 0 0 0 0 0 0 0
Bicycle 119 300 112 56 0 0 0 0 0 0 0
People 136 264 21 38 0 0 0 0 0 0 0
People 163 265 19 43 0 0 0 0 0 0 0
People 180 271 20 37 0 0 0 0 0 0 0
People 209 262 17 63 0 0 0 0 0 0 0
People 228 259 17 26 0 0 0 0 0 0 0
People 189 248 19 22 0 0 0 0 0 0 0
People 226 268 34 69 0 0 0 0 0 0 0
People 261 259 23 67 0 0 0 0 0 0 0
People 284 266 19 63 0 0 0 0 0 0 0
People 305 269 17 52 0 0 0 0 0 0 0
People 318 258 27 50 0 0 0 0 0 0 0
People 352 263 18 47 0 0 0 0 0 0 0
People 389 255 29 60 0 0 0 0 0 0 0
Motorbike 32 285 85 65 0 0 0 0 0 0 0
Motorbike 370 284 36 50 0 0 0 0 0 0 0
People 555 259 24 24 0 0 0 0 0 0 0
People 528 258 26 26 0 0 0 0 0 0 0
