% bbGt version=3
People 161 278 42 67 0 0 0 0 0 0 0
People 172 263 37 27 0 0 0 0 0 0 0
People 201 276 30 33 0 0 0 0 0 0 0
People 211 284 36 46 0 0 0 0 0 0 0
People 228 268 21 31 0 0 0 0 0 0 0
People 281 262 26 29 0 0 0 0 0 0 0
People 387 258 24 21 0 0 0 0 0 0 0
People 407 243 17 35 0 0 0 0 0 0 0
People 424 256 26 28 0 0 0 0 0 0 0
Table 374 311 55 48 0 0 0 0 0 0 0
Table 289 309 55 47 0 0 0 0 0 0 0
Table 340 290 44 14 0 0 0 0 0 0 0
Chair 337 312 64 77 0 0 0 0 0 0 0
Chair 260 312 68 64 0 0 0 0 0 0 0
Chair 433 298 46 60 0 0 0 0 0 0 0
Motorbike 111 307 175 167 0 0 0 0 0 0 0
People 466 280 32 34 0 0 0 0 0 0 0
People 497 267 17 32 0 0 0 0 0 0 0
People 517 272 31 25 0 0 0 0 0 0 0
Car 602 256 33 31 0 0 0 0 0 0 0
