% bbGt version=3
Bicycle 101 137 77 197 0 0 0 0 0 0 0
Bicycle 27 122 81 231 0 0 0 0 0 0 0
Car 263 84 103 68 0 0 0 0 0 0 0
People 100 91 24 84 0 0 0 0 0 0 0
People 121 77 25 104 0 0 0 0 0 0 0
People 158 95 57 96 0 0 0 0 0 0 0
People 183 82 35 75 0 0 0 0 0 0 0
People 211 80 41 84 0 0 0 0 0 0 0
People 278 90 58 84 0 0 0 0 0 0 0
People 369 86 46 81 0 0 0 0 0 0 0
Motorbike 155 129 105 77 0 0 0 0 0 0 0
Motorbike 256 137 164 77 0 0 0 0 0 0 0
Motorbike 251 186 232 123 0 0 0 0 0 0 0
Motorbike 206 195 280 178 0 0 0 0 0 0 0
