% bbGt version=3
People 6 107 24 23 0 0 0 0 0 0 0
People 46 103 37 59 0 0 0 0 0 0 0
People 91 103 27 23 0 0 0 0 0 0 0
People 95 132 31 24 0 0 0 0 0 0 0
People 139 112 50 93 0 0 0 0 0 0 0
People 171 91 96 189 0 0 0 0 0 0 0
People 304 93 31 61 0 0 0 0 0 0 0
People 259 66 112 234 0 0 0 0 0 0 0
People 394 89 21 38 0 0 0 0 0 0 0
People 413 95 23 41 0 0 0 0 0 0 0
People 433 83 28 70 0 0 0 0 0 0 0
People 453 95 26 55 0 0 0 0 0 0 0
People 474 77 46 117 0 0 0 0 0 0 0
People 379 104 46 102 0 0 0 0 0 0 0
People 338 46 130 274 0 0 0 0 0 0 0
People 517 91 37 40 0 0 0 0 0 0 0
Motorbike 111 126 168 177 0 0 0 0 0 0 0
Motorbike 250 137 299 205 0 0 0 0 0 0 0
Motorbike 469 125 118 98 0 0 0 0 0 0 0
Motorbike 518 112 63 56 0 0 0 0 0 0 0
Motorbike 3 159 167 213 0 0 0 0 0 0 0
Car 545 81 94 87 0 0 0 0 0 0 0
