% bbGt version=3
Motorbike 143 333 145 175 0 0 0 0 0 0 0
Motorbike 15 307 296 297 0 0 0 0 0 0 0
Motorbike 249 324 168 226 0 0 0 0 0 0 0
Motorbike 355 312 203 276 0 0 0 0 0 0 0
Motorbike 504 262 227 349 0 0 0 0 0 0 0
Motorbike 704 274 136 300 0 0 0 0 0 0 0
Motorbike 392 204 62 107 0 0 0 0 0 0 0
People 250 174 97 141 0 0 0 0 0 0 0
People 405 192 48 103 0 0 0 0 0 0 0
People 435 170 45 59 0 0 0 0 0 0 0
People 375 186 31 45 0 0 0 0 0 0 0
People 398 174 37 33 0 0 0 0 0 0 0
People 763 103 20 63 0 0 0 0 0 0 0
People 780 110 24 54 0 0 0 0 0 0 0
People 795 103 26 58 0 0 0 0 0 0 0
People 813 96 23 63 0 0 0 0 0 0 0
People 833 91 16 69 0 0 0 0 0 0 0
People 625 132 15 22 0 0 0 0 0 0 0
People 667 121 17 24 0 0 0 0 0 0 0
People 691 125 25 32 0 0 0 0 0 0 0
