% bbGt version=3
People 401 161 47 76 0 0 0 0 0 0 0
People 345 153 43 68 0 0 0 0 0 0 0
People 315 158 26 57 0 0 0 0 0 0 0
People 280 149 36 77 0 0 0 0 0 0 0
People 232 150 34 90 0 0 0 0 0 0 0
People 20 141 76 182 0 0 0 0 0 0 0
People 169 158 28 56 0 0 0 0 0 0 0
People 482 160 46 75 0 0 0 0 0 0 0
Motorbike 474 187 90 72 0 0 0 0 0 0 0
Motorbike 401 192 61 67 0 0 0 0 0 0 0
Motorbike 163 187 39 52 0 0 0 0 0 0 0
Motorbike 115 171 47 53 0 0 0 0 0 0 0
Bicycle 7 198 103 152 0 0 0 0 0 0 0
Bicycle 227 181 46 85 0 0 0 0 0 0 0
Bicycle 272 185 60 74 0 0 0 0 0 0 0
Bicycle 339 193 62 62 0 0 0 0 0 0 0
