% bbGt version=3
Car 276 302 56 36 0 0 0 0 0 0 0
Car 438 295 47 38 0 0 0 0 0 0 0
Car 480 290 59 55 0 0 0 0 0 0 0
People 550 295 24 62 0 0 0 0 0 0 0
People 379 296 39 54 0 0 0 0 0 0 0
People 387 295 61 139 0 0 0 0 0 0 0
People 192 297 49 77 0 0 0 0 0 0 0
People 141 298 37 63 0 0 0 0 0 0 0
People 9 293 38 83 0 0 0 0 0 0 0
Motorbike 2 327 40 68 0 0 0 0 0 0 0
Motorbike 128 320 56 59 0 0 0 0 0 0 0
Motorbike 191 323 61 74 0 0 0 0 0 0 0
Motorbike 245 309 28 37 0 0 0 0 0 0 0
Motorbike 349 327 48 52 0 0 0 0 0 0 0
Motorbike 349 342 126 91 0 0 0 0 0 0 0
Car 366 300 32 25 0 0 0 0 0 0 0
