% bbGt version=3
People 122 162 55 119 0 0 0 0 0 0 0
People 191 168 36 98 0 0 0 0 0 0 0
People 223 178 48 54 0 0 0 0 0 0 0
People 329 175 24 53 0 0 0 0 0 0 0
People 372 177 18 45 0 0 0 0 0 0 0
People 384 180 29 39 0 0 0 0 0 0 0
People 411 181 26 36 0 0 0 0 0 0 0
People 457 179 22 32 0 0 0 0 0 0 0
People 477 176 24 36 0 0 0 0 0 0 0
Motorbike 486 192 116 53 0 0 0 0 0 0 0
Motorbike 411 194 97 66 0 0 0 0 0 0 0
Motorbike 353 192 80 76 0 0 0 0 0 0 0
Motorbike 236 206 139 76 0 0 0 0 0 0 0
Motorbike 78 227 127 75 0 0 0 0 0 0 0
People 82 166 40 83 0 0 0 0 0 0 0
