% bbGt version=3
Motorbike 70 326 88 121 0 0 0 0 0 0 0
Motorbike 104 326 206 246 0 0 0 0 0 0 0
Motorbike 327 315 107 165 0 0 0 0 0 0 0
Motorbike 430 294 145 265 0 0 0 0 0 0 0
Motorbike 734 285 234 295 0 0 0 0 0 0 0
Motorbike 656 286 96 155 0 0 0 0 0 0 0
Motorbike 591 278 87 125 0 0 0 0 0 0 0
People 158 244 116 238 0 0 0 0 0 0 0
People 245 263 52 123 0 0 0 0 0 0 0
People 303 264 36 71 0 0 0 0 0 0 0
People 325 242 106 220 0 0 0 0 0 0 0
People 411 222 176 300 0 0 0 0 0 0 0
People 579 246 45 64 0 0 0 0 0 0 0
People 615 243 49 74 0 0 0 0 0 0 0
People 661 218 72 110 0 0 0 0 0 0 0
People 695 182 189 399 0 0 0 0 0 0 0
People 92 275 62 91 0 0 0 0 0 0 0
