% bbGt version=3
Motorbike 103 221 103 108 0 0 0 0 0 0 0
Motorbike 233 241 166 87 0 0 0 0 0 0 0
People 256 171 96 153 0 0 0 0 0 0 0
People 108 170 73 139 0 0 0 0 0 0 0
People 353 143 40 108 0 0 0 0 0 0 0
People 396 97 38 89 0 0 0 0 0 0 0
People 426 117 36 65 0 0 0 0 0 0 0
People 462 118 31 43 0 0 0 0 0 0 0
People 253 158 38 83 0 0 0 0 0 0 0
People 219 156 30 90 0 0 0 0 0 0 0
People 187 158 33 84 0 0 0 0 0 0 0
People 52 165 30 70 0 0 0 0 0 0 0
People 87 165 21 63 0 0 0 0 0 0 0
People 7 177 21 39 0 0 0 0 0 0 0
