% bbGt version=3
People 521 566 22 46 0 0 0 0 0 0 0
People 544 560 19 54 0 0 0 0 0 0 0
People 568 559 28 50 0 0 0 0 0 0 0
People 626 563 17 44 0 0 0 0 0 0 0
People 675 561 24 48 0 0 0 0 0 0 0
People 820 556 25 56 0 0 0 0 0 0 0
People 870 561 16 51 0 0 0 0 0 0 0
People 851 555 20 58 0 0 0 0 0 0 0
People 264 558 41 86 0 0 0 0 0 0 0
People 140 563 37 72 0 0 0 0 0 0 0
People 83 554 39 98 0 0 0 0 0 0 0
Motorbike 85 596 58 63 0 0 0 0 0 0 0
Motorbike 139 593 50 63 0 0 0 0 0 0 0
Motorbike 256 586 60 62 0 0 0 0 0 0 0
Car 212 568 139 67 0 0 0 0 0 0 0
Car 73 563 150 78 0 0 0 0 0 0 0
Car 3 556 74 87 0 0 0 0 0 0 0
