% bbGt version=3
Motorbike 952 284 73 157 0 0 0 0 0 0 0
Motorbike 1095 244 238 152 0 0 0 0 0 0 0
Motorbike 1064 328 210 127 0 0 0 0 0 0 0
Motorbike 952 442 316 152 0 0 0 0 0 0 0
Motorbike 878 530 327 189 0 0 0 0 0 0 0
Motorbike 816 660 378 187 0 0 0 0 0 0 0
People 967 245 97 164 0 0 0 0 0 0 0
Car 1468 210 162 185 0 0 0 0 0 0 0
Car 1442 352 233 273 0 0 0 0 0 0 0
Car 1312 703 379 350 0 0 0 0 0 0 0
Car 1695 562 205 212 0 0 0 0 0 0 0
Car 1701 432 204 139 0 0 0 0 0 0 0
Table 251 598 265 219 0 0 0 0 0 0 0
Table 610 344 214 270 0 0 0 0 0 0 0
Table 830 225 136 164 0 0 0 0 0 0 0
