% bbGt version=3
Car 5 112 52 46 0 0 0 0 0 0 0
Car 56 98 55 55 0 0 0 0 0 0 0
Car 120 107 49 46 0 0 0 0 0 0 0
Car 183 114 61 59 0 0 0 0 0 0 0
Car 258 106 59 53 0 0 0 0 0 0 0
Car 271 141 135 69 0 0 0 0 0 0 0
Car 287 166 124 102 0 0 0 0 0 0 0
Car 293 198 119 119 0 0 0 0 0 0 0
Car 278 259 129 147 0 0 0 0 0 0 0
Car 10 219 137 184 0 0 0 0 0 0 0
Car 4 161 72 64 0 0 0 0 0 0 0
Car 76 166 149 135 0 0 0 0 0 0 0
Motorbike 91 198 88 140 0 0 0 0 0 0 0
Motorbike 232 184 50 80 0 0 0 0 0 0 0
People 99 165 85 169 0 0 0 0 0 0 0
People 231 132 53 133 0 0 0 0 0 0 0
