% bbGt version=3
People 160 139 60 195 0 0 0 0 0 0 0
People 227 124 73 154 0 0 0 0 0 0 0
People 336 176 111 241 0 0 0 0 0 0 0
People 306 181 33 32 0 0 0 0 0 0 0
People 419 168 19 56 0 0 0 0 0 0 0
People 431 165 29 67 0 0 0 0 0 0 0
People 451 172 21 38 0 0 0 0 0 0 0
People 476 165 29 67 0 0 0 0 0 0 0
People 503 154 40 91 0 0 0 0 0 0 0
People 530 163 40 79 0 0 0 0 0 0 0
People 604 154 31 97 0 0 0 0 0 0 0
People 5 168 25 91 0 0 0 0 0 0 0
People 27 169 27 76 0 0 0 0 0 0 0
People 45 177 42 67 0 0 0 0 0 0 0
People 72 170 23 68 0 0 0 0 0 0 0
People 89 177 26 58 0 0 0 0 0 0 0
People 116 172 18 42 0 0 0 0 0 0 0
People 132 176 22 46 0 0 0 0 0 0 0
Motorbike 93 202 70 115 0 0 0 0 0 0 0
Motorbike 3 227 110 187 0 0 0 0 0 0 0
Motorbike 176 252 307 171 0 0 0 0 0 0 0
Motorbike 435 211 132 115 0 0 0 0 0 0 0
Motorbike 581 231 56 172 0 0 0 0 0 0 0
