% bbGt version=3
People 35 161 34 44 0 0 0 0 0 0 0
People 8 182 65 66 0 0 0 0 0 0 0
People 79 172 59 45 0 0 0 0 0 0 0
People 118 162 27 34 0 0 0 0 0 0 0
People 213 165 28 76 0 0 0 0 0 0 0
People 236 167 28 78 0 0 0 0 0 0 0
People 393 166 26 59 0 0 0 0 0 0 0
People 369 160 23 27 0 0 0 0 0 0 0
People 341 165 27 55 0 0 0 0 0 0 0
People 489 163 22 42 0 0 0 0 0 0 0
People 520 169 21 80 0 0 0 0 0 0 0
People 574 170 30 28 0 0 0 0 0 0 0
People 253 187 98 122 0 0 0 0 0 0 0
People 61 174 169 247 0 0 0 0 0 0 0
People 295 182 159 239 0 0 0 0 0 0 0
People 441 167 75 116 0 0 0 0 0 0 0
Motorbike 442 197 60 98 0 0 0 0 0 0 0
Motorbike 272 211 77 121 0 0 0 0 0 0 0
Motorbike 313 248 146 173 0 0 0 0 0 0 0
Motorbike 16 227 227 187 0 0 0 0 0 0 0
Motorbike 524 188 113 116 0 0 0 0 0 0 0
