% bbGt version=3
Car 1336 531 385 513 0 0 0 0 0 0 0
Car 1505 148 233 288 0 0 0 0 0 0 0
Car 1543 35 163 139 0 0 0 0 0 0 0
Motorbike 1147 24 256 181 0 0 0 0 0 0 0
Motorbike 1088 117 252 135 0 0 0 0 0 0 0
Motorbike 995 232 323 163 0 0 0 0 0 0 0
Motorbike 927 349 327 171 0 0 0 0 0 0 0
Motorbike 853 454 375 189 0 0 0 0 0 0 0
Motorbike 284 604 362 285 0 0 0 0 0 0 0
People 370 541 184 348 0 0 0 0 0 0 0
Table 874 24 132 153 0 0 0 0 0 0 0
Table 666 145 212 252 0 0 0 0 0 0 0
Table 331 381 244 208 0 0 0 0 0 0 0
