% bbGt version=3
People 390 380 16 32 0 0 0 0 0 0 0
People 377 386 19 43 0 0 0 0 0 0 0
People 342 385 18 33 0 0 0 0 0 0 0
People 356 377 17 40 0 0 0 0 0 0 0
People 271 390 24 41 0 0 0 0 0 0 0
People 249 392 36 54 0 0 0 0 0 0 0
People 159 397 37 58 0 0 0 0 0 0 0
People 89 390 30 65 0 0 0 0 0 0 0
People 13 386 35 65 0 0 0 0 0 0 0
Motorbike 6 412 73 42 0 0 0 0 0 0 0
Motorbike 65 412 87 43 0 0 0 0 0 0 0
Motorbike 146 411 90 44 0 0 0 0 0 0 0
Motorbike 238 414 82 39 0 0 0 0 0 0 0
People 310 388 22 63 0 0 0 0 0 0 0
Motorbike 288 406 72 44 0 0 0 0 0 0 0
Car 121 396 141 52 0 0 0 0 0 0 0
Car 502 376 65 43 0 0 0 0 0 0 0
