% bbGt version=3
Car 394 163 139 83 0 0 0 0 0 0 0
Car 215 161 106 65 0 0 0 0 0 0 0
Car 6 157 129 145 0 0 0 0 0 0 0
Car 702 146 225 148 0 0 0 0 0 0 0
Car 519 179 84 57 0 0 0 0 0 0 0
Motorbike 197 223 378 282 0 0 0 0 0 0 0
Motorbike 390 237 513 432 0 0 0 0 0 0 0
People 114 204 66 159 0 0 0 0 0 0 0
People 328 146 65 133 0 0 0 0 0 0 0
People 345 181 130 275 0 0 0 0 0 0 0
People 605 174 34 91 0 0 0 0 0 0 0
People 570 172 27 87 0 0 0 0 0 0 0
People 590 174 229 403 0 0 0 0 0 0 0
People 818 177 145 348 0 0 0 0 0 0 0
People 932 141 87 374 0 0 0 0 0 0 0
People 247 151 44 62 0 0 0 0 0 0 0
Motorbike 243 186 51 35 0 0 0 0 0 0 0
