% bbGt version=3
Bicycle 340 303 126 115 0 0 0 0 0 0 0
Bicycle 583 291 54 93 0 0 0 0 0 0 0
Motorbike 431 348 172 130 0 0 0 0 0 0 0
Motorbike 6 241 70 120 0 0 0 0 0 0 0
People 516 238 44 130 0 0 0 0 0 0 0
People 570 214 19 104 0 0 0 0 0 0 0
People 596 230 31 78 0 0 0 0 0 0 0
People 436 244 41 62 0 0 0 0 0 0 0
People 351 209 30 87 0 0 0 0 0 0 0
People 322 204 42 126 0 0 0 0 0 0 0
People 295 210 44 125 0 0 0 0 0 0 0
People 241 206 30 94 0 0 0 0 0 0 0
People 260 206 29 95 0 0 0 0 0 0 0
People 290 201 20 68 0 0 0 0 0 0 0
People 201 204 35 81 0 0 0 0 0 0 0
People 169 198 43 86 0 0 0 0 0 0 0
People 120 196 35 50 0 0 0 0 0 0 0
People 128 124 37 42 0 0 0 0 0 0 0
Bottle 97 2 105 106 0 0 0 0 0 0 0
Bottle 283 14 75 109 0 0 0 0 0 0 0
Table 143 261 72 38 0 0 0 0 0 0 0
Table 85 284 174 129 0 0 0 0 0 0 0
Table 389 258 78 48 0 0 0 0 0 0 0
