% bbGt version=3
People 2103 1476 89 183 0 0 0 0 0 0 0
People 2194 1491 84 173 0 0 0 0 0 0 0
Motorbike 1549 1604 291 457 0 0 0 0 0 0 0
Motorbike 1318 1602 284 416 0 0 0 0 0 0 0
Motorbike 916 1597 255 356 0 0 0 0 0 0 0
Motorbike 712 1534 89 128 0 0 0 0 0 0 0
Motorbike 818 1525 82 137 0 0 0 0 0 0 0
Car 1006 1505 284 149 0 0 0 0 0 0 0
Car 1063 1503 779 368 0 0 0 0 0 0 0
Car 12 1525 257 135 0 0 0 0 0 0 0
Car 236 1525 257 147 0 0 0 0 0 0 0
Car 419 1525 253 147 0 0 0 0 0 0 0
Bicycle 1973 1585 253 248 0 0 0 0 0 0 0
