% bbGt version=3
Motorbike 298 237 104 206 0 0 0 0 0 0 0
People 501 217 42 101 0 0 0 0 0 0 0
People 396 190 28 77 0 0 0 0 0 0 0
People 418 195 52 57 0 0 0 0 0 0 0
People 463 198 40 90 0 0 0 0 0 0 0
People 496 190 52 42 0 0 0 0 0 0 0
People 280 192 29 94 0 0 0 0 0 0 0
People 260 188 27 68 0 0 0 0 0 0 0
People 305 188 28 68 0 0 0 0 0 0 0
People 323 200 21 42 0 0 0 0 0 0 0
People 341 197 26 50 0 0 0 0 0 0 0
Car 102 207 174 75 0 0 0 0 0 0 0
Car 7 199 147 117 0 0 0 0 0 0 0
Bicycle 377 234 55 111 0 0 0 0 0 0 0
Chair 520 253 48 74 0 0 0 0 0 0 0
