% bbGt version=3
People 215 137 22 51 0 0 0 0 0 0 0
People 185 136 28 48 0 0 0 0 0 0 0
People 148 146 61 146 0 0 0 0 0 0 0
People 230 136 80 120 0 0 0 0 0 0 0
People 308 132 69 142 0 0 0 0 0 0 0
People 400 124 30 45 0 0 0 0 0 0 0
People 397 118 81 106 0 0 0 0 0 0 0
People 485 117 60 57 0 0 0 0 0 0 0
People 559 115 61 49 0 0 0 0 0 0 0
People 505 191 51 65 0 0 0 0 0 0 0
Motorbike 359 165 106 122 0 0 0 0 0 0 0
Motorbike 249 181 128 125 0 0 0 0 0 0 0
Motorbike 189 186 110 125 0 0 0 0 0 0 0
Motorbike 88 165 129 146 0 0 0 0 0 0 0
People 27 151 30 61 0 0 0 0 0 0 0
Car 160 136 474 288 0 0 0 0 0 0 0
