% bbGt version=3
People 235 91 22 25 0 0 0 0 0 0 0
People 221 95 22 43 0 0 0 0 0 0 0
People 210 100 20 37 0 0 0 0 0 0 0
People 195 91 18 37 0 0 0 0 0 0 0
People 183 99 23 44 0 0 0 0 0 0 0
People 167 101 23 49 0 0 0 0 0 0 0
People 150 102 21 45 0 0 0 0 0 0 0
People 102 105 28 49 0 0 0 0 0 0 0
People 27 109 28 46 0 0 0 0 0 0 0
People 215 106 56 78 0 0 0 0 0 0 0
People 286 105 73 74 0 0 0 0 0 0 0
People 429 118 21 36 0 0 0 0 0 0 0
People 348 101 67 121 0 0 0 0 0 0 0
People 453 102 73 136 0 0 0 0 0 0 0
People 515 96 58 62 0 0 0 0 0 0 0
People 577 101 59 93 0 0 0 0 0 0 0
Motorbike 520 154 113 161 0 0 0 0 0 0 0
Motorbike 396 145 132 144 0 0 0 0 0 0 0
Motorbike 297 160 135 123 0 0 0 0 0 0 0
Motorbike 254 149 81 102 0 0 0 0 0 0 0
Motorbike 154 145 124 105 0 0 0 0 0 0 0
