% bbGt version=3
People 459 59 48 133 0 0 0 0 0 0 0
People 551 61 54 121 0 0 0 0 0 0 0
People 410 70 49 115 0 0 0 0 0 0 0
People 383 57 36 137 0 0 0 0 0 0 0
People 339 59 54 166 0 0 0 0 0 0 0
People 291 49 43 115 0 0 0 0 0 0 0
People 250 62 31 88 0 0 0 0 0 0 0
People 216 63 32 82 0 0 0 0 0 0 0
People 188 62 37 74 0 0 0 0 0 0 0
People 43 64 40 83 0 0 0 0 0 0 0
People 92 66 42 59 0 0 0 0 0 0 0
People 114 60 57 251 0 0 0 0 0 0 0
People 143 85 147 297 0 0 0 0 0 0 0
Motorbike 90 135 346 272 0 0 0 0 0 0 0
