% bbGt version=3
People 68 230 33 48 0 0 0 0 0 0 0
People 75 214 23 31 0 0 0 0 0 0 0
People 104 209 25 50 0 0 0 0 0 0 0
People 108 250 27 46 0 0 0 0 0 0 0
People 165 203 21 31 0 0 0 0 0 0 0
People 146 218 29 53 0 0 0 0 0 0 0
People 159 225 40 52 0 0 0 0 0 0 0
People 341 192 39 37 0 0 0 0 0 0 0
People 393 191 19 27 0 0 0 0 0 0 0
People 425 191 23 27 0 0 0 0 0 0 0
Table 360 212 64 31 0 0 0 0 0 0 0
Motorbike 331 249 137 81 0 0 0 0 0 0 0
Motorbike 163 243 100 80 0 0 0 0 0 0 0
Motorbike 244 232 101 87 0 0 0 0 0 0 0
Motorbike 444 223 63 89 0 0 0 0 0 0 0
Motorbike 127 263 54 47 0 0 0 0 0 0 0
Chair 70 263 45 62 0 0 0 0 0 0 0
