% bbGt version=3
People 3 97 39 79 0 0 0 0 0 0 0
People 30 93 23 32 0 0 0 0 0 0 0
People 55 92 22 69 0 0 0 0 0 0 0
People 74 88 17 29 0 0 0 0 0 0 0
People 86 86 36 81 0 0 0 0 0 0 0
People 142 87 24 41 0 0 0 0 0 0 0
People 109 98 64 94 0 0 0 0 0 0 0
People 175 81 44 99 0 0 0 0 0 0 0
People 260 72 21 35 0 0 0 0 0 0 0
People 312 78 42 41 0 0 0 0 0 0 0
People 308 93 50 55 0 0 0 0 0 0 0
People 234 94 50 120 0 0 0 0 0 0 0
People 269 88 71 151 0 0 0 0 0 0 0
People 348 76 50 76 0 0 0 0 0 0 0
People 327 101 133 235 0 0 0 0 0 0 0
People 411 86 52 66 0 0 0 0 0 0 0
People 434 81 37 47 0 0 0 0 0 0 0
People 455 86 60 108 0 0 0 0 0 0 0
People 531 81 55 119 0 0 0 0 0 0 0
People 570 66 65 130 0 0 0 0 0 0 0
Motorbike 54 116 39 50 0 0 0 0 0 0 0
Motorbike 3 125 50 50 0 0 0 0 0 0 0
Motorbike 107 132 81 72 0 0 0 0 0 0 0
Motorbike 82 123 40 59 0 0 0 0 0 0 0
Motorbike 161 106 87 69 0 0 0 0 0 0 0
Motorbike 237 144 115 93 0 0 0 0 0 0 0
Motorbike 412 137 105 91 0 0 0 0 0 0 0
Motorbike 522 173 105 93 0 0 0 0 0 0 0
Motorbike 282 186 243 133 0 0 0 0 0 0 0
