% bbGt version=3
Motorbike 238 462 26 49 0 0 0 0 0 0 0
Motorbike 170 588 99 151 0 0 0 0 0 0 0
Motorbike 131 233 16 26 0 0 0 0 0 0 0
People 241 442 21 39 0 0 0 0 0 0 0
People 259 644 27 63 0 0 0 0 0 0 0
People 291 424 48 77 0 0 0 0 0 0 0
People 344 455 37 40 0 0 0 0 0 0 0
People 251 381 63 44 0 0 0 0 0 0 0
People 285 368 22 29 0 0 0 0 0 0 0
People 190 284 40 44 0 0 0 0 0 0 0
People 374 553 38 75 0 0 0 0 0 0 0
Motorbike 157 442 52 33 0 0 0 0 0 0 0
Car 170 305 71 94 0 0 0 0 0 0 0
Car 282 532 127 157 0 0 0 0 0 0 0
Car 162 457 73 112 0 0 0 0 0 0 0
Car 106 120 40 21 0 0 0 0 0 0 0
Car 149 115 33 20 0 0 0 0 0 0 0
Car 99 139 48 29 0 0 0 0 0 0 0
Car 121 168 42 41 0 0 0 0 0 0 0
Car 159 190 38 37 0 0 0 0 0 0 0
Car 146 165 38 30 0 0 0 0 0 0 0
