% bbGt version=3
Bottle 181 153 34 121 0 0 0 0 0 0 0
Bottle 229 153 47 134 0 0 0 0 0 0 0
Bottle 285 174 52 132 0 0 0 0 0 0 0
Cup 157 202 42 84 0 0 0 0 0 0 0
Cup 197 202 38 104 0 0 0 0 0 0 0
Cup 231 211 49 117 0 0 0 0 0 0 0
Cup 353 201 45 86 0 0 0 0 0 0 0
Cup 403 282 58 48 0 0 0 0 0 0 0
Cup 446 310 53 22 0 0 0 0 0 0 0
Bottle 392 66 14 44 0 0 0 0 0 0 0
People 388 35 68 66 0 0 0 0 0 0 0
People 313 29 75 127 0 0 0 0 0 0 0
People 387 70 109 245 0 0 0 0 0 0 0
People 459 34 40 70 0 0 0 0 0 0 0
People 84 49 165 212 0 0 0 0 0 0 0
People 1 46 115 278 0 0 0 0 0 0 0
Table 85 228 398 102 0 0 0 0 0 0 0
