% bbGt version=3
Bottle 55 237 47 134 0 0 0 0 0 0 0
Bottle 95 226 42 130 0 0 0 0 0 0 0
Bottle 136 242 25 85 0 0 0 0 0 0 0
Cup 206 252 33 80 0 0 0 0 0 0 0
Cup 184 269 32 97 0 0 0 0 0 0 0
Cup 152 269 43 101 0 0 0 0 0 0 0
People 3 156 46 126 0 0 0 0 0 0 0
People 61 197 86 88 0 0 0 0 0 0 0
People 148 199 35 52 0 0 0 0 0 0 0
People 171 159 160 166 0 0 0 0 0 0 0
People 307 167 54 86 0 0 0 0 0 0 0
Table 16 296 279 175 0 0 0 0 0 0 0
People 470 197 39 74 0 0 0 0 0 0 0
People 212 110 277 359 0 0 0 0 0 0 0
People 480 114 132 359 0 0 0 0 0 0 0
Chair 582 288 56 186 0 0 0 0 0 0 0
