% bbGt version=3
Bottle 226 96 57 46 0 0 0 0 0 0 0
Bottle 290 101 66 43 0 0 0 0 0 0 0
Bottle 242 39 25 48 0 0 0 0 0 0 0
Bottle 181 38 19 49 0 0 0 0 0 0 0
Bottle 197 40 19 48 0 0 0 0 0 0 0
Bottle 172 98 44 48 0 0 0 0 0 0 0
Bottle 11 88 41 51 0 0 0 0 0 0 0
Bottle 9 145 38 59 0 0 0 0 0 0 0
Bottle 223 151 128 40 0 0 0 0 0 0 0
Bottle 238 206 82 44 0 0 0 0 0 0 0
Bottle 177 149 44 55 0 0 0 0 0 0 0
Bottle 366 47 43 31 0 0 0 0 0 0 0
Bottle 472 113 26 36 0 0 0 0 0 0 0
Bottle 451 101 14 44 0 0 0 0 0 0 0
Bottle 429 147 37 44 0 0 0 0 0 0 0
Bottle 11 209 31 35 0 0 0 0 0 0 0
Cup 150 49 28 40 0 0 0 0 0 0 0
Cup 324 188 99 120 0 0 0 0 0 0 0
Cup 168 243 59 87 0 0 0 0 0 0 0
People 6 61 252 309 0 0 0 0 0 0 0
People 264 68 235 305 0 0 0 0 0 0 0
