% bbGt version=3
Bottle 1200 466 180 457 0 0 0 0 0 0 0
Bottle 380 95 103 231 0 0 0 0 0 0 0
Cup 195 236 98 125 0 0 0 0 0 0 0
Cup 882 859 155 280 0 0 0 0 0 0 0
Cup 714 709 128 147 0 0 0 0 0 0 0
Cup 1537 674 117 228 0 0 0 0 0 0 0
Cup 1668 614 114 109 0 0 0 0 0 0 0
Chair 532 261 440 525 0 0 0 0 0 0 0
Chair 1964 791 573 1117 0 0 0 0 0 0 0
Chair 861 1065 1169 832 0 0 0 0 0 0 0
Chair 1494 130 323 438 0 0 0 0 0 0 0
Chair 1779 70 155 291 0 0 0 0 0 0 0
Chair 1002 125 198 332 0 0 0 0 0 0 0
Chair 855 182 185 285 0 0 0 0 0 0 0
Chair 1725 215 421 432 0 0 0 0 0 0 0
Table 34 244 731 628 0 0 0 0 0 0 0
Table 1113 111 467 408 0 0 0 0 0 0 0
Table 2059 272 489 500 0 0 0 0 0 0 0
Table 358 538 1813 1296 0 0 0 0 0 0 0
