% bbGt version=3
Bottle 434 174 28 82 0 0 0 0 0 0 0
Bottle 475 191 44 107 0 0 0 0 0 0 0
Bottle 42 129 16 30 0 0 0 0 0 0 0
Chair 135 141 78 89 0 0 0 0 0 0 0
Chair 11 165 68 85 0 0 0 0 0 0 0
Chair 634 146 39 68 0 0 0 0 0 0 0
Chair 583 142 60 84 0 0 0 0 0 0 0
Chair 518 143 49 85 0 0 0 0 0 0 0
Chair 395 139 34 66 0 0 0 0 0 0 0
Chair 693 153 21 69 0 0 0 0 0 0 0
Table 9 143 190 86 0 0 0 0 0 0 0
Table 451 136 166 55 0 0 0 0 0 0 0
Table 25 211 682 188 0 0 0 0 0 0 0
People 109 64 52 71 0 0 0 0 0 0 0
People 162 71 43 73 0 0 0 0 0 0 0
People 210 69 43 128 0 0 0 0 0 0 0
People 248 67 33 126 0 0 0 0 0 0 0
Chair 265 133 26 52 0 0 0 0 0 0 0
Table 275 130 31 52 0 0 0 0 0 0 0
People 324 68 35 118 0 0 0 0 0 0 0
People 370 74 32 109 0 0 0 0 0 0 0
People 400 83 25 78 0 0 0 0 0 0 0
People 421 74 39 106 0 0 0 0 0 0 0
People 500 77 28 66 0 0 0 0 0 0 0
People 452 57 58 159 0 0 0 0 0 0 0
People 523 54 42 86 0 0 0 0 0 0 0
People 556 52 54 174 0 0 0 0 0 0 0
People 602 68 34 70 0 0 0 0 0 0 0
People 622 67 37 77 0 0 0 0 0 0 0
People 653 72 51 140 0 0 0 0 0 0 0
