% bbGt version=3
Bottle 166 199 28 77 0 0 0 0 0 0 0
Bottle 197 205 36 87 0 0 0 0 0 0 0
Bottle 266 202 24 71 0 0 0 0 0 0 0
Bottle 352 221 37 117 0 0 0 0 0 0 0
Bottle 411 219 46 155 0 0 0 0 0 0 0
Cup 455 263 24 85 0 0 0 0 0 0 0
Cup 442 328 35 65 0 0 0 0 0 0 0
Cup 288 277 21 39 0 0 0 0 0 0 0
Cup 2 153 28 48 0 0 0 0 0 0 0
Cup 40 185 15 24 0 0 0 0 0 0 0
Cup 42 222 38 87 0 0 0 0 0 0 0
Cup 399 136 21 26 0 0 0 0 0 0 0
Cup 542 183 14 19 0 0 0 0 0 0 0
Cup 586 189 28 52 0 0 0 0 0 0 0
Cup 343 165 20 19 0 0 0 0 0 0 0
Chair 487 214 115 114 0 0 0 0 0 0 0
Table 137 256 484 222 0 0 0 0 0 0 0
People 6 291 334 186 0 0 0 0 0 0 0
People 46 140 98 195 0 0 0 0 0 0 0
People 112 136 88 132 0 0 0 0 0 0 0
People 201 142 75 95 0 0 0 0 0 0 0
People 271 133 73 130 0 0 0 0 0 0 0
People 319 142 73 132 0 0 0 0 0 0 0
People 390 120 112 181 0 0 0 0 0 0 0
People 483 135 120 193 0 0 0 0 0 0 0
