% bbGt version=3
Bottle 41 4 34 59 0 0 0 0 0 0 0
Bottle 80 3 25 61 0 0 0 0 0 0 0
Bottle 126 18 23 57 0 0 0 0 0 0 0
Bottle 149 3 19 62 0 0 0 0 0 0 0
Bottle 165 5 28 65 0 0 0 0 0 0 0
Bottle 205 38 24 53 0 0 0 0 0 0 0
Bottle 229 18 30 87 0 0 0 0 0 0 0
Bottle 263 15 30 92 0 0 0 0 0 0 0
Bottle 288 44 20 70 0 0 0 0 0 0 0
Bottle 311 65 20 51 0 0 0 0 0 0 0
Bottle 332 69 22 54 0 0 0 0 0 0 0
Bottle 357 85 18 42 0 0 0 0 0 0 0
Bottle 389 87 22 47 0 0 0 0 0 0 0
Bottle 414 91 20 44 0 0 0 0 0 0 0
Bottle 251 140 27 63 0 0 0 0 0 0 0
Bottle 294 135 26 60 0 0 0 0 0 0 0
Bottle 27 115 47 80 0 0 0 0 0 0 0
Bottle 38 196 77 73 0 0 0 0 0 0 0
Bottle 460 208 20 51 0 0 0 0 0 0 0
Bottle 442 370 35 90 0 0 0 0 0 0 0
Bottle 395 272 19 56 0 0 0 0 0 0 0
Bottle 216 363 48 109 0 0 0 0 0 0 0
Cup 297 222 44 33 0 0 0 0 0 0 0
Cup 347 223 28 29 0 0 0 0 0 0 0
Cup 324 258 55 44 0 0 0 0 0 0 0
Cup 346 406 79 172 0 0 0 0 0 0 0
People 31 133 260 422 0 0 0 0 0 0 0
