% bbGt version=3
Bottle 198 163 119 335 0 0 0 0 0 0 0
Bottle 582 200 91 276 0 0 0 0 0 0 0
Bottle 777 180 193 582 0 0 0 0 0 0 0
Chair 485 143 102 135 0 0 0 0 0 0 0
Chair 672 149 72 158 0 0 0 0 0 0 0
Chair 764 151 77 107 0 0 0 0 0 0 0
Chair 312 150 109 124 0 0 0 0 0 0 0
Chair 243 146 71 117 0 0 0 0 0 0 0
People 179 122 41 58 0 0 0 0 0 0 0
People 259 108 53 62 0 0 0 0 0 0 0
People 332 103 40 50 0 0 0 0 0 0 0
People 423 60 79 212 0 0 0 0 0 0 0
People 792 98 104 100 0 0 0 0 0 0 0
Table 555 164 109 84 0 0 0 0 0 0 0
Table 39 371 978 376 0 0 0 0 0 0 0
