% bbGt version=3
Bottle 7 64 46 147 0 0 0 0 0 0 0
Bottle 53 102 45 116 0 0 0 0 0 0 0
Bottle 93 93 49 129 0 0 0 0 0 0 0
Bottle 135 107 41 128 0 0 0 0 0 0 0
Bottle 175 128 43 115 0 0 0 0 0 0 0
Bottle 211 124 41 127 0 0 0 0 0 0 0
Bottle 241 174 48 90 0 0 0 0 0 0 0
Bottle 279 163 38 105 0 0 0 0 0 0 0
Bottle 310 172 34 103 0 0 0 0 0 0 0
Bottle 334 178 39 102 0 0 0 0 0 0 0
Bottle 366 201 32 95 0 0 0 0 0 0 0
Bottle 390 214 38 87 0 0 0 0 0 0 0
Bottle 419 221 32 87 0 0 0 0 0 0 0
Bottle 439 231 40 78 0 0 0 0 0 0 0
Bottle 466 240 32 72 0 0 0 0 0 0 0
Bottle 31 289 253 80 0 0 0 0 0 0 0
