% bbGt version=3
Bottle 358 270 18 52 0 0 0 0 0 0 0
Bottle 468 290 26 60 0 0 0 0 0 0 0
Cup 408 316 17 28 0 0 0 0 0 0 0
Cup 402 296 16 22 0 0 0 0 0 0 0
Chair 111 265 33 99 0 0 0 0 0 0 0
Chair 139 284 77 148 0 0 0 0 0 0 0
Chair 201 295 47 168 0 0 0 0 0 0 0
Chair 242 305 71 166 0 0 0 0 0 0 0
Chair 288 323 140 149 0 0 0 0 0 0 0
Chair 474 375 160 103 0 0 0 0 0 0 0
Table 175 263 349 175 0 0 0 0 0 0 0
People 205 219 30 56 0 0 0 0 0 0 0
People 183 225 44 67 0 0 0 0 0 0 0
People 131 229 56 95 0 0 0 0 0 0 0
People 111 178 67 86 0 0 0 0 0 0 0
People 61 199 45 168 0 0 0 0 0 0 0
People 251 218 41 55 0 0 0 0 0 0 0
People 298 226 36 37 0 0 0 0 0 0 0
People 345 226 55 64 0 0 0 0 0 0 0
People 389 228 41 67 0 0 0 0 0 0 0
People 418 235 86 82 0 0 0 0 0 0 0
People 523 251 63 100 0 0 0 0 0 0 0
People 582 262 55 126 0 0 0 0 0 0 0
People 459 279 119 194 0 0 0 0 0 0 0
People 269 250 107 153 0 0 0 0 0 0 0
People 245 249 63 103 0 0 0 0 0 0 0
