% bbGt version=3
Bottle 5 196 30 94 0 0 0 0 0 0 0
Bottle 34 196 24 95 0 0 0 0 0 0 0
Bottle 56 197 24 92 0 0 0 0 0 0 0
Bottle 79 196 25 94 0 0 0 0 0 0 0
Bottle 103 196 25 93 0 0 0 0 0 0 0
Bottle 127 197 27 92 0 0 0 0 0 0 0
Bottle 152 197 25 92 0 0 0 0 0 0 0
Bottle 175 196 25 93 0 0 0 0 0 0 0
Bottle 199 196 25 91 0 0 0 0 0 0 0
Bottle 223 196 25 91 0 0 0 0 0 0 0
Bottle 247 196 26 90 0 0 0 0 0 0 0
Bottle 273 196 21 89 0 0 0 0 0 0 0
Bottle 294 198 24 88 0 0 0 0 0 0 0
Bottle 317 193 25 94 0 0 0 0 0 0 0
Bottle 340 194 26 92 0 0 0 0 0 0 0
Bottle 365 195 22 89 0 0 0 0 0 0 0
Bottle 386 194 24 90 0 0 0 0 0 0 0
Bottle 411 194 23 91 0 0 0 0 0 0 0
Bottle 433 195 23 90 0 0 0 0 0 0 0
Bottle 454 196 22 87 0 0 0 0 0 0 0
Bottle 109 149 67 50 0 0 0 0 0 0 0
Bottle 176 126 25 70 0 0 0 0 0 0 0
Bottle 201 125 23 69 0 0 0 0 0 0 0
Bottle 225 125 21 70 0 0 0 0 0 0 0
Bottle 246 124 24 70 0 0 0 0 0 0 0
Bottle 271 124 22 72 0 0 0 0 0 0 0
Bottle 294 111 23 85 0 0 0 0 0 0 0
Bottle 316 153 75 44 0 0 0 0 0 0 0
Bottle 96 326 290 46 0 0 0 0 0 0 0
