% bbGt version=3
Bottle 50 348 43 129 0 0 0 0 0 0 0
Bottle 30 199 34 84 0 0 0 0 0 0 0
Bottle 63 200 24 80 0 0 0 0 0 0 0
Bottle 86 207 26 69 0 0 0 0 0 0 0
Bottle 127 206 21 66 0 0 0 0 0 0 0
Bottle 146 208 21 59 0 0 0 0 0 0 0
Bottle 171 206 21 62 0 0 0 0 0 0 0
Bottle 189 205 20 57 0 0 0 0 0 0 0
Cup 139 402 40 75 0 0 0 0 0 0 0
Bottle 409 193 41 51 0 0 0 0 0 0 0
Bottle 459 193 44 49 0 0 0 0 0 0 0
Bottle 506 193 48 46 0 0 0 0 0 0 0
People 494 212 118 117 0 0 0 0 0 0 0
Chair 383 242 92 232 0 0 0 0 0 0 0
Table 4 369 302 110 0 0 0 0 0 0 0
