% bbGt version=3
Bottle 225 113 38 129 0 0 0 0 0 0 0
Cup 197 205 22 26 0 0 0 0 0 0 0
Cup 149 212 32 42 0 0 0 0 0 0 0
Cup 66 230 63 87 0 0 0 0 0 0 0
Cup 313 206 22 31 0 0 0 0 0 0 0
Cup 370 84 26 21 0 0 0 0 0 0 0
Cup 297 138 21 28 0 0 0 0 0 0 0
Cup 287 197 15 19 0 0 0 0 0 0 0
Cup 373 212 43 39 0 0 0 0 0 0 0
People 185 130 47 82 0 0 0 0 0 0 0
People 157 154 62 77 0 0 0 0 0 0 0
People 79 100 124 153 0 0 0 0 0 0 0
People 271 162 33 44 0 0 0 0 0 0 0
People 301 136 64 74 0 0 0 0 0 0 0
People 292 90 89 135 0 0 0 0 0 0 0
People 339 43 159 222 0 0 0 0 0 0 0
Table 2 185 496 189 0 0 0 0 0 0 0
