% bbGt version=3
Bottle 288 4 51 171 0 0 0 0 0 0 0
Cup 251 134 55 57 0 0 0 0 0 0 0
Cup 317 127 67 49 0 0 0 0 0 0 0
Cup 346 76 49 85 0 0 0 0 0 0 0
Cup 208 89 54 93 0 0 0 0 0 0 0
Cup 424 38 29 38 0 0 0 0 0 0 0
Bottle 453 3 22 66 0 0 0 0 0 0 0
Cup 406 48 37 59 0 0 0 0 0 0 0
Cup 473 49 31 63 0 0 0 0 0 0 0
Cup 508 64 41 31 0 0 0 0 0 0 0
People 177 3 94 111 0 0 0 0 0 0 0
People 272 3 138 105 0 0 0 0 0 0 0
People 2 9 210 216 0 0 0 0 0 0 0
People 542 3 95 135 0 0 0 0 0 0 0
Table 15 73 590 345 0 0 0 0 0 0 0
