% bbGt version=3
Bottle 153 220 35 91 0 0 0 0 0 0 0
Bottle 375 240 40 109 0 0 0 0 0 0 0
Cup 372 223 21 39 0 0 0 0 0 0 0
Cup 302 207 24 35 0 0 0 0 0 0 0
Cup 122 225 22 38 0 0 0 0 0 0 0
Cup 191 233 18 46 0 0 0 0 0 0 0
Cup 206 294 29 56 0 0 0 0 0 0 0
Table 79 240 234 132 0 0 0 0 0 0 0
Table 244 225 211 149 0 0 0 0 0 0 0
People 392 33 62 108 0 0 0 0 0 0 0
People 157 134 102 160 0 0 0 0 0 0 0
People 63 120 136 164 0 0 0 0 0 0 0
People 247 127 105 115 0 0 0 0 0 0 0
People 335 109 85 121 0 0 0 0 0 0 0
People 394 134 93 131 0 0 0 0 0 0 0
