% bbGt version=3
Bottle 178 199 42 142 0 0 0 0 0 0 0
Bottle 301 174 25 81 0 0 0 0 0 0 0
Cup 261 198 35 36 0 0 0 0 0 0 0
Cup 262 230 38 46 0 0 0 0 0 0 0
Cup 207 205 41 80 0 0 0 0 0 0 0
Cup 144 229 44 87 0 0 0 0 0 0 0
Cup 133 284 75 85 0 0 0 0 0 0 0
Cup 227 272 75 102 0 0 0 0 0 0 0
Cup 316 245 26 35 0 0 0 0 0 0 0
Cup 63 266 54 106 0 0 0 0 0 0 0
Cup 4 296 73 75 0 0 0 0 0 0 0
Table 19 229 386 141 0 0 0 0 0 0 0
People 255 121 44 86 0 0 0 0 0 0 0
People 197 110 82 125 0 0 0 0 0 0 0
People 317 88 180 169 0 0 0 0 0 0 0
People 127 103 127 166 0 0 0 0 0 0 0
People 2 98 150 210 0 0 0 0 0 0 0
