% bbGt version=3
Bottle 189 325 77 221 0 0 0 0 0 0 0
Bottle 267 295 58 207 0 0 0 0 0 0 0
Bottle 323 288 38 156 0 0 0 0 0 0 0
Bottle 374 308 40 132 0 0 0 0 0 0 0
Bottle 353 267 33 98 0 0 0 0 0 0 0
Bottle 378 273 32 72 0 0 0 0 0 0 0
Bottle 409 250 46 54 0 0 0 0 0 0 0
Cup 432 289 21 43 0 0 0 0 0 0 0
Cup 394 385 39 104 0 0 0 0 0 0 0
Cup 352 407 46 108 0 0 0 0 0 0 0
Table 322 269 166 67 0 0 0 0 0 0 0
Table 57 327 428 205 0 0 0 0 0 0 0
People 521 290 47 202 0 0 0 0 0 0 0
People 499 139 93 317 0 0 0 0 0 0 0
People 437 183 92 222 0 0 0 0 0 0 0
People 387 187 39 88 0 0 0 0 0 0 0
People 324 171 64 100 0 0 0 0 0 0 0
People 290 156 61 166 0 0 0 0 0 0 0
People 216 117 96 217 0 0 0 0 0 0 0
People 50 13 165 434 0 0 0 0 0 0 0
Cup 293 235 19 44 0 0 0 0 0 0 0
