% bbGt version=3
Bottle 429 350 37 102 0 0 0 0 0 0 0
Bottle 505 356 28 72 0 0 0 0 0 0 0
Cup 402 375 30 68 0 0 0 0 0 0 0
Table 368 377 148 100 0 0 0 0 0 0 0
People 414 172 44 111 0 0 0 0 0 0 0
People 362 167 39 154 0 0 0 0 0 0 0
People 374 254 77 107 0 0 0 0 0 0 0
People 523 216 60 60 0 0 0 0 0 0 0
People 438 236 109 87 0 0 0 0 0 0 0
People 453 278 74 116 0 0 0 0 0 0 0
People 586 237 50 114 0 0 0 0 0 0 0
People 280 217 43 69 0 0 0 0 0 0 0
People 322 225 33 42 0 0 0 0 0 0 0
People 232 206 34 45 0 0 0 0 0 0 0
People 259 255 168 216 0 0 0 0 0 0 0
People 198 186 75 205 0 0 0 0 0 0 0
People 139 190 88 240 0 0 0 0 0 0 0
People 6 150 211 323 0 0 0 0 0 0 0
