% bbGt version=3
Bottle 118 68 43 116 0 0 0 0 0 0 0
Bottle 384 1 30 65 0 0 0 0 0 0 0
Bottle 413 3 38 78 0 0 0 0 0 0 0
Bottle 448 1 30 82 0 0 0 0 0 0 0
Cup 69 164 24 28 0 0 0 0 0 0 0
Cup 189 172 20 27 0 0 0 0 0 0 0
Cup 161 168 20 24 0 0 0 0 0 0 0
Cup 140 169 19 28 0 0 0 0 0 0 0
Cup 127 187 64 51 0 0 0 0 0 0 0
Cup 60 2 76 17 0 0 0 0 0 0 0
Cup 290 26 40 28 0 0 0 0 0 0 0
Cup 355 22 30 42 0 0 0 0 0 0 0
Cup 389 44 22 26 0 0 0 0 0 0 0
Table 17 138 261 188 0 0 0 0 0 0 0
Chair 94 82 124 236 0 0 0 0 0 0 0
Chair 365 187 134 184 0 0 0 0 0 0 0
Chair 268 125 178 247 0 0 0 0 0 0 0
