% bbGt version=3
Bottle 142 184 24 72 0 0 0 0 0 0 0
Bottle 93 188 22 63 0 0 0 0 0 0 0
Bottle 56 189 19 61 0 0 0 0 0 0 0
Bottle 75 190 17 59 0 0 0 0 0 0 0
Cup 194 202 21 40 0 0 0 0 0 0 0
Cup 178 218 20 45 0 0 0 0 0 0 0
Cup 161 221 23 56 0 0 0 0 0 0 0
Cup 139 230 25 53 0 0 0 0 0 0 0
Cup 113 214 25 62 0 0 0 0 0 0 0
Chair 321 180 50 146 0 0 0 0 0 0 0
Chair 397 233 62 98 0 0 0 0 0 0 0
People 227 134 57 63 0 0 0 0 0 0 0
People 265 142 85 106 0 0 0 0 0 0 0
People 199 183 110 148 0 0 0 0 0 0 0
People 147 125 70 66 0 0 0 0 0 0 0
People 85 126 58 83 0 0 0 0 0 0 0
People 21 144 85 82 0 0 0 0 0 0 0
Cup 43 204 24 59 0 0 0 0 0 0 0
People 1 192 46 139 0 0 0 0 0 0 0
People 411 40 44 56 0 0 0 0 0 0 0
People 16 11 67 154 0 0 0 0 0 0 0
People 121 37 25 86 0 0 0 0 0 0 0
People 319 58 68 152 0 0 0 0 0 0 0
People 393 130 92 105 0 0 0 0 0 0 0
People 425 169 74 159 0 0 0 0 0 0 0
Chair 201 147 209 98 0 0 0 0 0 0 0
Table 24 176 208 155 0 0 0 0 0 0 0
