% bbGt version=3
Bottle 1278 798 89 221 0 0 0 0 0 0 0
Bottle 1380 877 77 208 0 0 0 0 0 0 0
Bottle 1378 1046 81 192 0 0 0 0 0 0 0
Bottle 1376 1196 67 198 0 0 0 0 0 0 0
Bottle 1283 990 83 168 0 0 0 0 0 0 0
Bottle 1281 1119 87 178 0 0 0 0 0 0 0
Bottle 1183 976 93 208 0 0 0 0 0 0 0
Bottle 1179 1168 103 198 0 0 0 0 0 0 0
Bottle 1187 1332 87 202 0 0 0 0 0 0 0
Bottle 1013 962 87 223 0 0 0 0 0 0 0
Bottle 1013 1158 89 251 0 0 0 0 0 0 0
Bottle 1017 1374 91 223 0 0 0 0 0 0 0
Bottle 811 1002 89 245 0 0 0 0 0 0 0
Bottle 809 1206 101 235 0 0 0 0 0 0 0
Bottle 819 1419 107 259 0 0 0 0 0 0 0
Bottle 568 1154 117 212 0 0 0 0 0 0 0
Bottle 578 1330 105 233 0 0 0 0 0 0 0
Bottle 591 1522 103 231 0 0 0 0 0 0 0
Bottle 475 909 81 174 0 0 0 0 0 0 0
Bottle 477 1059 81 180 0 0 0 0 0 0 0
Bottle 493 1208 87 208 0 0 0 0 0 0 0
Bottle 303 1101 95 253 0 0 0 0 0 0 0
Bottle 317 1314 81 237 0 0 0 0 0 0 0
Bottle 317 1518 111 229 0 0 0 0 0 0 0
Bottle 148 868 103 245 0 0 0 0 0 0 0
Bottle 156 1022 87 186 0 0 0 0 0 0 0
Bottle 156 1202 77 182 0 0 0 0 0 0 0
Bottle 141 1352 113 275 0 0 0 0 0 0 0
Bottle 1792 1026 83 247 0 0 0 0 0 0 0
Bottle 1786 1237 95 223 0 0 0 0 0 0 0
Bottle 1780 1435 83 186 0 0 0 0 0 0 0
Bottle 2082 1055 87 227 0 0 0 0 0 0 0
Bottle 2070 1257 97 231 0 0 0 0 0 0 0
Bottle 2053 1447 109 216 0 0 0 0 0 0 0
Bottle 2294 1065 105 227 0 0 0 0 0 0 0
Bottle 2276 1267 101 218 0 0 0 0 0 0 0
Bottle 2256 1445 103 219 0 0 0 0 0 0 0
Bottle 2446 1368 109 299 0 0 0 0 0 0 0
Bicycle 1654 307 239 130 0 0 0 0 0 0 0
Bottle 293 350 71 166 0 0 0 0 0 0 0
People 554 247 54 217 0 0 0 0 0 0 0
People 461 244 95 242 0 0 0 0 0 0 0
People 385 239 90 247 0 0 0 0 0 0 0
People 282 217 117 272 0 0 0 0 0 0 0
People 7 174 166 883 0 0 0 0 0 0 0
People 53 185 342 826 0 0 0 0 0 0 0
People 1306 266 68 204 0 0 0 0 0 0 0
People 1097 266 84 209 0 0 0 0 0 0 0
People 999 255 130 283 0 0 0 0 0 0 0
People 910 266 92 285 0 0 0 0 0 0 0
People 640 204 223 609 0 0 0 0 0 0 0
People 1505 201 133 413 0 0 0 0 0 0 0
People 1374 217 147 525 0 0 0 0 0 0 0
People 2059 166 166 519 0 0 0 0 0 0 0
People 1877 179 253 788 0 0 0 0 0 0 0
People 2157 109 329 804 0 0 0 0 0 0 0
People 1263 649 473 682 0 0 0 0 0 0 0
People 1007 307 342 908 0 0 0 0 0 0 0
