% bbGt version=3
Bottle 1044 337 71 151 0 0 0 0 0 0 0
Bottle 1107 151 38 67 0 0 0 0 0 0 0
Bottle 953 155 23 55 0 0 0 0 0 0 0
Bottle 1219 149 35 63 0 0 0 0 0 0 0
Bottle 1167 241 35 68 0 0 0 0 0 0 0
Cup 986 312 43 56 0 0 0 0 0 0 0
Chair 846 318 128 273 0 0 0 0 0 0 0
Chair 921 375 236 341 0 0 0 0 0 0 0
Bottle 1096 239 27 67 0 0 0 0 0 0 0
Table 1034 269 219 86 0 0 0 0 0 0 0
Table 948 330 245 86 0 0 0 0 0 0 0
Table 931 417 348 284 0 0 0 0 0 0 0
Chair 106 91 98 140 0 0 0 0 0 0 0
Chair 171 225 111 192 0 0 0 0 0 0 0
People 682 32 231 630 0 0 0 0 0 0 0
People 425 13 367 679 0 0 0 0 0 0 0
