% bbGt version=3
Bottle 204 195 20 60 0 0 0 0 0 0 0
Bottle 225 188 19 61 0 0 0 0 0 0 0
Bottle 254 194 21 59 0 0 0 0 0 0 0
Bottle 293 189 25 55 0 0 0 0 0 0 0
Cup 172 222 16 21 0 0 0 0 0 0 0
Cup 192 216 14 29 0 0 0 0 0 0 0
Cup 318 215 15 25 0 0 0 0 0 0 0
Cup 329 225 16 22 0 0 0 0 0 0 0
Table 151 218 218 73 0 0 0 0 0 0 0
People 266 148 93 89 0 0 0 0 0 0 0
People 188 139 80 97 0 0 0 0 0 0 0
People 118 163 72 122 0 0 0 0 0 0 0
People 44 108 92 192 0 0 0 0 0 0 0
People 1 66 47 221 0 0 0 0 0 0 0
People 386 168 89 125 0 0 0 0 0 0 0
