% bbGt version=3
Bottle 51 169 153 348 0 0 0 0 0 0 0
Bottle 213 181 137 374 0 0 0 0 0 0 0
Bottle 375 41 114 295 0 0 0 0 0 0 0
Bottle 515 48 112 317 0 0 0 0 0 0 0
Bottle 796 55 109 371 0 0 0 0 0 0 0
Bottle 773 364 156 354 0 0 0 0 0 0 0
Cup 649 145 109 105 0 0 0 0 0 0 0
Cup 654 237 130 259 0 0 0 0 0 0 0
Cup 965 318 119 301 0 0 0 0 0 0 0
Cup 447 367 177 350 0 0 0 0 0 0 0
Cup 35 468 216 248 0 0 0 0 0 0 0
Cup 285 238 105 260 0 0 0 0 0 0 0
Cup 270 146 110 103 0 0 0 0 0 0 0
Bottle 3 2 86 439 0 0 0 0 0 0 0
Bottle 62 9 129 424 0 0 0 0 0 0 0
