% bbGt version=3
Bottle 5 294 89 107 0 0 0 0 0 0 0
Bottle 85 189 18 38 0 0 0 0 0 0 0
Bottle 530 124 20 62 0 0 0 0 0 0 0
Bottle 560 111 20 68 0 0 0 0 0 0 0
Bottle 159 182 46 40 0 0 0 0 0 0 0
Bottle 182 213 49 32 0 0 0 0 0 0 0
Bottle 153 243 54 31 0 0 0 0 0 0 0
Bottle 216 191 43 33 0 0 0 0 0 0 0
Bottle 211 243 44 23 0 0 0 0 0 0 0
Bottle 243 214 41 34 0 0 0 0 0 0 0
Bottle 267 189 46 31 0 0 0 0 0 0 0
Bottle 268 243 43 29 0 0 0 0 0 0 0
Bottle 569 213 34 32 0 0 0 0 0 0 0
Cup 56 175 34 27 0 0 0 0 0 0 0
Cup 105 200 17 23 0 0 0 0 0 0 0
Cup 122 200 15 24 0 0 0 0 0 0 0
Cup 135 201 15 25 0 0 0 0 0 0 0
Table 15 205 151 96 0 0 0 0 0 0 0
People 304 94 83 252 0 0 0 0 0 0 0
