% bbGt version=3
Bottle 1367 1477 218 517 0 0 0 0 0 0 0
Bottle 2174 1431 156 492 0 0 0 0 0 0 0
Bottle 2301 1569 161 409 0 0 0 0 0 0 0
Cup 2669 1725 143 177 0 0 0 0 0 0 0
Table 1056 1767 2350 430 0 0 0 0 0 0 0
People 2231 988 299 826 0 0 0 0 0 0 0
People 2041 1018 303 476 0 0 0 0 0 0 0
People 1633 887 493 901 0 0 0 0 0 0 0
People 1376 1009 299 560 0 0 0 0 0 0 0
People 997 992 371 762 0 0 0 0 0 0 0
People 672 836 337 939 0 0 0 0 0 0 0
People 28 807 783 1369 0 0 0 0 0 0 0
People 2475 761 493 1040 0 0 0 0 0 0 0
