% bbGt version=3
Bottle 32 280 61 215 0 0 0 0 0 0 0
Bottle 35 249 30 81 0 0 0 0 0 0 0
Bottle 78 250 24 84 0 0 0 0 0 0 0
Bottle 108 243 28 90 0 0 0 0 0 0 0
Bottle 106 271 49 161 0 0 0 0 0 0 0
Bottle 145 247 36 90 0 0 0 0 0 0 0
Bottle 160 280 50 160 0 0 0 0 0 0 0
Bottle 218 241 32 96 0 0 0 0 0 0 0
Bottle 253 247 27 83 0 0 0 0 0 0 0
Bottle 283 237 31 100 0 0 0 0 0 0 0
Bottle 312 244 30 97 0 0 0 0 0 0 0
Bottle 346 237 32 98 0 0 0 0 0 0 0
Bottle 212 286 44 164 0 0 0 0 0 0 0
Bottle 250 290 47 171 0 0 0 0 0 0 0
Bottle 302 293 61 203 0 0 0 0 0 0 0
Bottle 2 233 41 216 0 0 0 0 0 0 0
Bottle 45 27 109 303 0 0 0 0 0 0 0
Bottle 133 21 135 309 0 0 0 0 0 0 0
Bottle 272 29 102 282 0 0 0 0 0 0 0
