% bbGt version=3
Bottle 172 61 40 154 0 0 0 0 0 0 0
Bottle 124 63 45 150 0 0 0 0 0 0 0
Bottle 82 66 44 146 0 0 0 0 0 0 0
Bottle 41 65 44 147 0 0 0 0 0 0 0
Bottle 2 62 39 148 0 0 0 0 0 0 0
Bottle 5 238 41 130 0 0 0 0 0 0 0
Bottle 46 238 40 131 0 0 0 0 0 0 0
Bottle 86 237 37 133 0 0 0 0 0 0 0
Bottle 123 237 36 134 0 0 0 0 0 0 0
Bottle 172 239 39 131 0 0 0 0 0 0 0
Bottle 210 236 41 136 0 0 0 0 0 0 0
Bottle 252 239 35 134 0 0 0 0 0 0 0
Bottle 287 240 40 133 0 0 0 0 0 0 0
Bottle 340 239 41 135 0 0 0 0 0 0 0
Bottle 380 240 39 132 0 0 0 0 0 0 0
Bottle 420 237 39 136 0 0 0 0 0 0 0
Bottle 459 240 37 132 0 0 0 0 0 0 0
Bottle 305 55 53 159 0 0 0 0 0 0 0
Bottle 360 79 44 137 0 0 0 0 0 0 0
Bottle 403 73 50 145 0 0 0 0 0 0 0
Bottle 452 61 46 156 0 0 0 0 0 0 0
