% bbGt version=3
Bottle 431 195 31 95 0 0 0 0 0 0 0
Cup 158 266 45 64 0 0 0 0 0 0 0
Cup 266 258 45 47 0 0 0 0 0 0 0
Cup 345 298 65 75 0 0 0 0 0 0 0
Cup 359 274 48 35 0 0 0 0 0 0 0
Cup 421 275 52 55 0 0 0 0 0 0 0
Cup 468 250 31 47 0 0 0 0 0 0 0
Table 62 267 438 105 0 0 0 0 0 0 0
People 464 153 27 44 0 0 0 0 0 0 0
People 439 140 30 57 0 0 0 0 0 0 0
People 373 116 61 93 0 0 0 0 0 0 0
People 219 147 50 44 0 0 0 0 0 0 0
People 120 143 36 44 0 0 0 0 0 0 0
People 301 138 31 36 0 0 0 0 0 0 0
People 6 102 51 70 0 0 0 0 0 0 0
People 264 121 162 169 0 0 0 0 0 0 0
People 116 100 165 184 0 0 0 0 0 0 0
People 4 98 180 275 0 0 0 0 0 0 0
