% bbGt version=3
Bottle 254 170 27 64 0 0 0 0 0 0 0
Bottle 202 182 31 75 0 0 0 0 0 0 0
Bottle 301 195 28 47 0 0 0 0 0 0 0
Cup 152 186 27 40 0 0 0 0 0 0 0
Cup 97 186 32 75 0 0 0 0 0 0 0
Cup 7 203 56 125 0 0 0 0 0 0 0
Cup 293 232 49 55 0 0 0 0 0 0 0
Cup 282 261 64 112 0 0 0 0 0 0 0
People 3 117 59 147 0 0 0 0 0 0 0
People 25 121 65 117 0 0 0 0 0 0 0
People 81 124 65 82 0 0 0 0 0 0 0
People 165 131 65 71 0 0 0 0 0 0 0
People 242 120 67 81 0 0 0 0 0 0 0
People 300 123 69 87 0 0 0 0 0 0 0
People 378 120 86 118 0 0 0 0 0 0 0
People 358 91 140 197 0 0 0 0 0 0 0
Table 3 196 494 176 0 0 0 0 0 0 0
