% bbGt version=3
Bottle 586 241 24 61 0 0 0 0 0 0 0
Cup 352 302 31 77 0 0 0 0 0 0 0
Cup 408 293 30 48 0 0 0 0 0 0 0
Cup 504 280 26 41 0 0 0 0 0 0 0
Cup 542 270 18 52 0 0 0 0 0 0 0
Cup 572 264 18 46 0 0 0 0 0 0 0
Cup 306 331 40 103 0 0 0 0 0 0 0
Cup 71 379 58 97 0 0 0 0 0 0 0
Bottle 197 202 29 29 0 0 0 0 0 0 0
People 214 217 56 69 0 0 0 0 0 0 0
People 522 216 65 83 0 0 0 0 0 0 0
People 455 213 70 103 0 0 0 0 0 0 0
People 335 223 127 136 0 0 0 0 0 0 0
People 233 217 151 173 0 0 0 0 0 0 0
People 86 53 184 378 0 0 0 0 0 0 0
Table 15 267 613 212 0 0 0 0 0 0 0
Bottle 378 403 111 73 0 0 0 0 0 0 0
