% bbGt version=3
Dog 167 156 78 56 0 0 0 0 0 0 0
Cup 288 285 50 30 0 0 0 0 0 0 0
Bottle 41 136 24 62 0 0 0 0 0 0 0
Bottle 60 137 21 61 0 0 0 0 0 0 0
Bottle 81 134 18 64 0 0 0 0 0 0 0
Bottle 96 137 19 61 0 0 0 0 0 0 0
Bottle 42 201 15 59 0 0 0 0 0 0 0
Bottle 57 202 14 55 0 0 0 0 0 0 0
Bottle 82 203 18 52 0 0 0 0 0 0 0
Bottle 96 198 16 56 0 0 0 0 0 0 0
Bottle 40 309 25 42 0 0 0 0 0 0 0
Table 190 282 223 82 0 0 0 0 0 0 0
People 359 147 141 193 0 0 0 0 0 0 0
People 313 103 41 78 0 0 0 0 0 0 0
People 290 112 40 72 0 0 0 0 0 0 0
People 250 166 40 42 0 0 0 0 0 0 0
People 160 93 39 120 0 0 0 0 0 0 0
