% bbGt version=3
Cup 207 250 24 39 0 0 0 0 0 0 0
Cup 194 232 25 25 0 0 0 0 0 0 0
Cup 308 219 15 23 0 0 0 0 0 0 0
Cup 323 221 18 25 0 0 0 0 0 0 0
Cup 333 224 20 28 0 0 0 0 0 0 0
Cup 279 216 20 31 0 0 0 0 0 0 0
People 140 144 103 125 0 0 0 0 0 0 0
People 263 144 104 87 0 0 0 0 0 0 0
People 186 80 54 68 0 0 0 0 0 0 0
People 217 86 29 41 0 0 0 0 0 0 0
People 243 80 36 68 0 0 0 0 0 0 0
People 274 89 28 56 0 0 0 0 0 0 0
People 294 86 51 57 0 0 0 0 0 0 0
People 349 87 40 75 0 0 0 0 0 0 0
People 407 82 67 142 0 0 0 0 0 0 0
People 3 36 109 288 0 0 0 0 0 0 0
Cup 381 291 32 38 0 0 0 0 0 0 0
