% bbGt version=3
Cup 313 231 39 56 0 0 0 0 0 0 0
Cup 313 208 32 31 0 0 0 0 0 0 0
Cup 262 217 25 28 0 0 0 0 0 0 0
Cup 223 219 28 43 0 0 0 0 0 0 0
Cup 196 222 26 35 0 0 0 0 0 0 0
Cup 166 299 54 74 0 0 0 0 0 0 0
Cup 132 254 40 59 0 0 0 0 0 0 0
Cup 260 256 54 88 0 0 0 0 0 0 0
Bottle 167 184 32 76 0 0 0 0 0 0 0
People 63 105 33 60 0 0 0 0 0 0 0
People 22 123 119 165 0 0 0 0 0 0 0
People 123 127 87 129 0 0 0 0 0 0 0
People 204 129 86 115 0 0 0 0 0 0 0
People 268 114 102 130 0 0 0 0 0 0 0
People 346 116 124 168 0 0 0 0 0 0 0
