% bbGt version=3
Bus 223 15 236 131 0 0 0 0 0 0 0
People 248 98 33 43 0 0 0 0 0 0 0
People 306 95 39 75 0 0 0 0 0 0 0
People 269 93 63 136 0 0 0 0 0 0 0
People 346 95 38 77 0 0 0 0 0 0 0
People 407 103 59 101 0 0 0 0 0 0 0
People 464 95 57 202 0 0 0 0 0 0 0
People 342 109 101 206 0 0 0 0 0 0 0
People 191 98 103 157 0 0 0 0 0 0 0
People 179 99 30 46 0 0 0 0 0 0 0
People 154 90 56 112 0 0 0 0 0 0 0
People 119 93 62 150 0 0 0 0 0 0 0
People 96 88 35 60 0 0 0 0 0 0 0
People 54 84 27 46 0 0 0 0 0 0 0
People 69 99 50 127 0 0 0 0 0 0 0
People 4 96 57 120 0 0 0 0 0 0 0
Motorbike 5 143 57 86 0 0 0 0 0 0 0
Motorbike 59 168 45 73 0 0 0 0 0 0 0
Motorbike 105 140 91 111 0 0 0 0 0 0 0
Motorbike 197 138 94 127 0 0 0 0 0 0 0
Motorbike 270 137 65 93 0 0 0 0 0 0 0
Motorbike 327 167 47 80 0 0 0 0 0 0 0
Motorbike 352 179 83 134 0 0 0 0 0 0 0
Motorbike 449 220 73 104 0 0 0 0 0 0 0
