% bbGt version=3
Bus 200 395 185 342 0 0 0 0 0 0 0
Bus 401 456 192 250 0 0 0 0 0 0 0
Car 33 684 152 79 0 0 0 0 0 0 0
Car 223 672 145 95 0 0 0 0 0 0 0
Car 115 568 117 129 0 0 0 0 0 0 0
Car 10 593 100 134 0 0 0 0 0 0 0
Car 54 514 101 102 0 0 0 0 0 0 0
Car 184 484 68 83 0 0 0 0 0 0 0
Car 104 463 83 79 0 0 0 0 0 0 0
Car 136 432 72 59 0 0 0 0 0 0 0
Car 17 404 114 128 0 0 0 0 0 0 0
Car 172 397 62 52 0 0 0 0 0 0 0
Car 86 359 54 39 0 0 0 0 0 0 0
Car 148 357 46 43 0 0 0 0 0 0 0
Car 384 395 63 54 0 0 0 0 0 0 0
Cat 214 404 72 80 0 0 0 0 0 0 0
Car 181 260 241 135 0 0 0 0 0 0 0
Car 652 296 40 37 0 0 0 0 0 0 0
Car 730 310 36 27 0 0 0 0 0 0 0
Car 749 344 58 40 0 0 0 0 0 0 0
Car 811 393 95 63 0 0 0 0 0 0 0
Car 912 346 60 46 0 0 0 0 0 0 0
Car 903 315 64 41 0 0 0 0 0 0 0
