% bbGt version=3
Bus 38 140 117 177 0 0 0 0 0 0 0
Bus 77 79 107 101 0 0 0 0 0 0 0
Bus 200 55 79 91 0 0 0 0 0 0 0
Bus 141 29 92 70 0 0 0 0 0 0 0
People 149 239 38 60 0 0 0 0 0 0 0
People 265 235 21 69 0 0 0 0 0 0 0
People 233 247 26 71 0 0 0 0 0 0 0
People 166 49 20 27 0 0 0 0 0 0 0
Bus 78 4 49 49 0 0 0 0 0 0 0
Bus 52 2 31 35 0 0 0 0 0 0 0
Car 4 36 112 95 0 0 0 0 0 0 0
Car 169 144 68 54 0 0 0 0 0 0 0
Car 195 124 59 40 0 0 0 0 0 0 0
Car 184 162 92 87 0 0 0 0 0 0 0
Car 150 294 101 103 0 0 0 0 0 0 0
Car 86 310 138 156 0 0 0 0 0 0 0
Car 212 8 80 52 0 0 0 0 0 0 0
