% bbGt version=3
Bus 15 543 413 180 0 0 0 0 0 0 0
Car 310 643 127 84 0 0 0 0 0 0 0
Car 451 626 138 92 0 0 0 0 0 0 0
Car 536 626 171 98 0 0 0 0 0 0 0
People 9 630 35 111 0 0 0 0 0 0 0
People 90 629 42 109 0 0 0 0 0 0 0
People 285 618 50 124 0 0 0 0 0 0 0
People 422 611 46 124 0 0 0 0 0 0 0
People 464 606 55 121 0 0 0 0 0 0 0
People 714 602 50 120 0 0 0 0 0 0 0
People 757 606 43 111 0 0 0 0 0 0 0
People 859 592 35 118 0 0 0 0 0 0 0
People 803 641 35 73 0 0 0 0 0 0 0
People 822 590 50 136 0 0 0 0 0 0 0
People 904 587 43 125 0 0 0 0 0 0 0
People 967 596 43 120 0 0 0 0 0 0 0
