% bbGt version=3
Bus 34 125 264 327 0 0 0 0 0 0 0
People 82 226 18 29 0 0 0 0 0 0 0
People 62 213 21 44 0 0 0 0 0 0 0
People 47 215 23 48 0 0 0 0 0 0 0
People 27 238 25 75 0 0 0 0 0 0 0
People 33 134 19 51 0 0 0 0 0 0 0
People 15 125 18 55 0 0 0 0 0 0 0
People 31 121 15 24 0 0 0 0 0 0 0
People 44 121 15 43 0 0 0 0 0 0 0
People 43 89 23 34 0 0 0 0 0 0 0
People 122 123 18 48 0 0 0 0 0 0 0
People 140 118 14 53 0 0 0 0 0 0 0
People 109 109 16 41 0 0 0 0 0 0 0
People 158 104 17 42 0 0 0 0 0 0 0
People 178 71 12 34 0 0 0 0 0 0 0
People 211 74 12 27 0 0 0 0 0 0 0
Car 202 94 51 48 0 0 0 0 0 0 0
Car 297 125 34 58 0 0 0 0 0 0 0
