% bbGt version=3
Bus 226 110 264 274 0 0 0 0 0 0 0
Car 118 181 101 75 0 0 0 0 0 0 0
Car 488 212 86 94 0 0 0 0 0 0 0
Car 462 382 130 76 0 0 0 0 0 0 0
Car 589 144 63 76 0 0 0 0 0 0 0
Car 633 71 30 33 0 0 0 0 0 0 0
Car 623 34 23 19 0 0 0 0 0 0 0
Car 599 22 19 25 0 0 0 0 0 0 0
Car 576 35 21 19 0 0 0 0 0 0 0
Car 606 4 36 25 0 0 0 0 0 0 0
Car 475 32 33 25 0 0 0 0 0 0 0
Car 521 31 22 21 0 0 0 0 0 0 0
Car 431 47 28 18 0 0 0 0 0 0 0
Car 436 72 26 22 0 0 0 0 0 0 0
Bicycle 262 86 17 19 0 0 0 0 0 0 0
People 83 122 25 42 0 0 0 0 0 0 0
People 46 119 22 38 0 0 0 0 0 0 0
People 262 76 19 25 0 0 0 0 0 0 0
People 309 58 19 25 0 0 0 0 0 0 0
People 190 220 19 69 0 0 0 0 0 0 0
People 170 229 16 70 0 0 0 0 0 0 0
People 210 253 23 80 0 0 0 0 0 0 0
People 325 259 28 34 0 0 0 0 0 0 0
