% bbGt version=3
Bus 250 150 84 132 0 0 0 0 0 0 0
Bus 255 97 26 35 0 0 0 0 0 0 0
Motorbike 403 260 27 35 0 0 0 0 0 0 0
Motorbike 440 264 33 42 0 0 0 0 0 0 0
Motorbike 432 226 19 28 0 0 0 0 0 0 0
Motorbike 458 232 17 27 0 0 0 0 0 0 0
Motorbike 482 249 20 29 0 0 0 0 0 0 0
Motorbike 447 204 18 24 0 0 0 0 0 0 0
Motorbike 464 207 17 20 0 0 0 0 0 0 0
Motorbike 481 217 16 13 0 0 0 0 0 0 0
People 405 248 21 41 0 0 0 0 0 0 0
People 446 254 19 47 0 0 0 0 0 0 0
People 481 231 23 29 0 0 0 0 0 0 0
People 476 202 18 24 0 0 0 0 0 0 0
People 459 219 17 27 0 0 0 0 0 0 0
People 434 215 13 26 0 0 0 0 0 0 0
People 460 194 14 23 0 0 0 0 0 0 0
People 447 193 13 26 0 0 0 0 0 0 0
People 373 126 16 17 0 0 0 0 0 0 0
Car 328 214 58 53 0 0 0 0 0 0 0
Car 365 204 61 53 0 0 0 0 0 0 0
Car 403 196 58 43 0 0 0 0 0 0 0
Car 369 169 46 34 0 0 0 0 0 0 0
Car 314 184 35 36 0 0 0 0 0 0 0
Car 337 173 40 38 0 0 0 0 0 0 0
Car 302 163 25 23 0 0 0 0 0 0 0
Car 317 154 34 30 0 0 0 0 0 0 0
Car 341 152 37 25 0 0 0 0 0 0 0
Car 323 139 20 19 0 0 0 0 0 0 0
Car 298 141 32 25 0 0 0 0 0 0 0
Car 349 135 36 21 0 0 0 0 0 0 0
Car 384 142 40 18 0 0 0 0 0 0 0
Car 404 152 50 23 0 0 0 0 0 0 0
Car 411 143 41 16 0 0 0 0 0 0 0
Car 440 153 53 23 0 0 0 0 0 0 0
Car 223 120 98 38 0 0 0 0 0 0 0
Car 233 92 29 42 0 0 0 0 0 0 0
Car 134 162 76 35 0 0 0 0 0 0 0
Car 14 140 61 29 0 0 0 0 0 0 0
Car 105 138 23 31 0 0 0 0 0 0 0
Car 149 116 29 19 0 0 0 0 0 0 0
