% bbGt version=3
Bus 64 65 404 213 0 0 0 0 0 0 0
Chair 3 222 27 51 0 0 0 0 0 0 0
Chair 32 225 38 51 0 0 0 0 0 0 0
Chair 74 225 36 47 0 0 0 0 0 0 0
Chair 110 226 32 47 0 0 0 0 0 0 0
Chair 142 225 36 51 0 0 0 0 0 0 0
Chair 179 227 47 54 0 0 0 0 0 0 0
Chair 226 231 38 50 0 0 0 0 0 0 0
Table 257 243 60 56 0 0 0 0 0 0 0
Table 120 236 56 39 0 0 0 0 0 0 0
People 162 99 27 18 0 0 0 0 0 0 0
People 121 102 29 18 0 0 0 0 0 0 0
People 211 89 23 25 0 0 0 0 0 0 0
People 240 89 45 25 0 0 0 0 0 0 0
People 294 92 31 20 0 0 0 0 0 0 0
People 347 83 28 27 0 0 0 0 0 0 0
People 312 189 36 106 0 0 0 0 0 0 0
People 352 191 40 108 0 0 0 0 0 0 0
