% bbGt version=3
Bus 99 98 322 150 0 0 0 0 0 0 0
People 235 134 44 68 0 0 0 0 0 0 0
People 186 129 45 36 0 0 0 0 0 0 0
People 148 132 20 31 0 0 0 0 0 0 0
People 127 132 23 29 0 0 0 0 0 0 0
People 110 127 21 33 0 0 0 0 0 0 0
People 213 167 41 155 0 0 0 0 0 0 0
People 262 156 27 106 0 0 0 0 0 0 0
People 333 162 32 80 0 0 0 0 0 0 0
People 299 176 56 156 0 0 0 0 0 0 0
People 359 164 37 112 0 0 0 0 0 0 0
People 433 186 54 115 0 0 0 0 0 0 0
People 414 220 87 113 0 0 0 0 0 0 0
People 393 169 81 98 0 0 0 0 0 0 0
People 178 169 22 29 0 0 0 0 0 0 0
People 130 162 32 42 0 0 0 0 0 0 0
People 103 162 26 78 0 0 0 0 0 0 0
People 47 161 52 170 0 0 0 0 0 0 0
People 148 160 55 166 0 0 0 0 0 0 0
People 287 137 51 35 0 0 0 0 0 0 0
