% bbGt version=3
Bus 87 175 66 69 0 0 0 0 0 0 0
Bus 159 150 56 57 0 0 0 0 0 0 0
Bus 194 192 101 132 0 0 0 0 0 0 0
Bus 326 158 50 60 0 0 0 0 0 0 0
Bus 282 156 39 46 0 0 0 0 0 0 0
Bus 299 147 33 44 0 0 0 0 0 0 0
Bus 203 137 43 49 0 0 0 0 0 0 0
Bus 240 113 69 44 0 0 0 0 0 0 0
Car 387 200 59 29 0 0 0 0 0 0 0
Car 328 133 13 14 0 0 0 0 0 0 0
Car 333 149 24 15 0 0 0 0 0 0 0
People 455 260 56 69 0 0 0 0 0 0 0
People 479 231 15 33 0 0 0 0 0 0 0
People 498 225 16 31 0 0 0 0 0 0 0
People 58 195 33 37 0 0 0 0 0 0 0
