% bbGt version=3
Bus 209 179 230 220 0 0 0 0 0 0 0
Car 421 271 46 79 0 0 0 0 0 0 0
Car 435 241 66 89 0 0 0 0 0 0 0
Car 472 231 59 68 0 0 0 0 0 0 0
Car 490 226 60 57 0 0 0 0 0 0 0
People 489 200 18 26 0 0 0 0 0 0 0
People 519 197 20 29 0 0 0 0 0 0 0
People 165 226 41 59 0 0 0 0 0 0 0
People 131 226 31 68 0 0 0 0 0 0 0
People 112 228 27 60 0 0 0 0 0 0 0
People 88 242 27 66 0 0 0 0 0 0 0
People 70 241 25 67 0 0 0 0 0 0 0
People 8 246 59 65 0 0 0 0 0 0 0
Car 434 174 94 50 0 0 0 0 0 0 0
Car 489 156 44 41 0 0 0 0 0 0 0
Car 505 148 43 34 0 0 0 0 0 0 0
Car 533 127 46 35 0 0 0 0 0 0 0
Car 544 199 57 45 0 0 0 0 0 0 0
Car 563 178 53 48 0 0 0 0 0 0 0
Car 553 155 58 38 0 0 0 0 0 0 0
Car 591 142 42 39 0 0 0 0 0 0 0
Car 457 302 129 121 0 0 0 0 0 0 0
Car 35 324 213 96 0 0 0 0 0 0 0
