% bbGt version=3
Bus 226 196 122 52 0 0 0 0 0 0 0
Bus 464 189 172 67 0 0 0 0 0 0 0
Car 360 216 96 48 0 0 0 0 0 0 0
Car 521 227 115 43 0 0 0 0 0 0 0
Car 140 213 33 24 0 0 0 0 0 0 0
People 65 220 26 48 0 0 0 0 0 0 0
People 14 216 49 52 0 0 0 0 0 0 0
People 91 224 46 104 0 0 0 0 0 0 0
People 154 221 30 60 0 0 0 0 0 0 0
People 192 229 21 56 0 0 0 0 0 0 0
People 215 228 20 50 0 0 0 0 0 0 0
People 255 228 29 67 0 0 0 0 0 0 0
People 289 234 43 86 0 0 0 0 0 0 0
People 344 228 35 78 0 0 0 0 0 0 0
People 387 224 29 100 0 0 0 0 0 0 0
People 413 234 31 85 0 0 0 0 0 0 0
People 457 242 70 134 0 0 0 0 0 0 0
People 315 259 58 94 0 0 0 0 0 0 0
People 6 223 45 110 0 0 0 0 0 0 0
