% bbGt version=3
Bus 300 87 207 165 0 0 0 0 0 0 0
Bus 501 124 106 88 0 0 0 0 0 0 0
Car 444 195 94 69 0 0 0 0 0 0 0
Car 522 197 43 52 0 0 0 0 0 0 0
Car 585 198 50 51 0 0 0 0 0 0 0
People 553 190 48 116 0 0 0 0 0 0 0
People 412 195 43 90 0 0 0 0 0 0 0
People 383 183 33 92 0 0 0 0 0 0 0
People 358 186 32 86 0 0 0 0 0 0 0
People 339 193 31 70 0 0 0 0 0 0 0
People 307 187 35 72 0 0 0 0 0 0 0
People 283 194 29 84 0 0 0 0 0 0 0
People 254 183 29 84 0 0 0 0 0 0 0
People 219 174 41 96 0 0 0 0 0 0 0
People 205 186 36 96 0 0 0 0 0 0 0
People 177 185 33 78 0 0 0 0 0 0 0
People 144 172 35 99 0 0 0 0 0 0 0
People 97 183 41 83 0 0 0 0 0 0 0
People 72 172 36 84 0 0 0 0 0 0 0
People 49 170 29 84 0 0 0 0 0 0 0
People 29 164 24 76 0 0 0 0 0 0 0
People 2 164 17 75 0 0 0 0 0 0 0
