% bbGt version=3
Bus 528 343 278 86 0 0 0 0 0 0 0
Bus 166 344 199 83 0 0 0 0 0 0 0
People 122 428 71 77 0 0 0 0 0 0 0
People 224 424 82 52 0 0 0 0 0 0 0
Car 8 393 69 52 0 0 0 0 0 0 0
Car 379 447 57 52 0 0 0 0 0 0 0
Car 338 493 60 35 0 0 0 0 0 0 0
Car 257 480 68 46 0 0 0 0 0 0 0
Car 909 348 63 38 0 0 0 0 0 0 0
Car 853 371 72 38 0 0 0 0 0 0 0
Car 1018 356 69 35 0 0 0 0 0 0 0
Car 682 258 31 22 0 0 0 0 0 0 0
Car 663 291 27 29 0 0 0 0 0 0 0
Car 683 211 33 39 0 0 0 0 0 0 0
Bus 667 178 41 53 0 0 0 0 0 0 0
Bus 1124 291 106 86 0 0 0 0 0 0 0
People 481 459 30 35 0 0 0 0 0 0 0
People 519 439 27 39 0 0 0 0 0 0 0
People 535 455 96 65 0 0 0 0 0 0 0
People 473 325 48 38 0 0 0 0 0 0 0
People 546 305 82 43 0 0 0 0 0 0 0
People 682 402 171 118 0 0 0 0 0 0 0
People 861 405 337 122 0 0 0 0 0 0 0
People 758 276 45 46 0 0 0 0 0 0 0
People 823 311 99 53 0 0 0 0 0 0 0
People 1023 299 58 38 0 0 0 0 0 0 0
