% bbGt version=3
Bus 23 173 223 205 0 0 0 0 0 0 0
Bus 238 104 84 75 0 0 0 0 0 0 0
People 369 386 37 48 0 0 0 0 0 0 0
People 510 251 18 36 0 0 0 0 0 0 0
People 552 121 18 22 0 0 0 0 0 0 0
Motorbike 551 136 18 22 0 0 0 0 0 0 0
Motorbike 360 415 49 36 0 0 0 0 0 0 0
Car 208 157 52 41 0 0 0 0 0 0 0
Car 4 341 66 105 0 0 0 0 0 0 0
Car 84 347 129 94 0 0 0 0 0 0 0
Car 184 277 103 106 0 0 0 0 0 0 0
Car 231 241 80 63 0 0 0 0 0 0 0
Car 245 187 55 50 0 0 0 0 0 0 0
Car 267 161 56 49 0 0 0 0 0 0 0
Car 279 206 77 75 0 0 0 0 0 0 0
Car 307 139 49 46 0 0 0 0 0 0 0
Car 316 115 41 31 0 0 0 0 0 0 0
Car 343 124 41 46 0 0 0 0 0 0 0
Car 365 108 37 39 0 0 0 0 0 0 0
Bus 323 75 53 51 0 0 0 0 0 0 0
Car 396 78 53 46 0 0 0 0 0 0 0
Car 330 173 60 36 0 0 0 0 0 0 0
Car 356 146 59 51 0 0 0 0 0 0 0
Car 390 117 45 54 0 0 0 0 0 0 0
Car 274 323 104 94 0 0 0 0 0 0 0
Car 332 276 94 85 0 0 0 0 0 0 0
Car 342 243 78 65 0 0 0 0 0 0 0
Car 361 199 84 70 0 0 0 0 0 0 0
Car 417 141 60 70 0 0 0 0 0 0 0
Car 456 106 38 58 0 0 0 0 0 0 0
Car 427 316 95 97 0 0 0 0 0 0 0
Car 448 276 73 60 0 0 0 0 0 0 0
Car 461 237 56 42 0 0 0 0 0 0 0
Car 490 173 53 41 0 0 0 0 0 0 0
Car 487 143 50 50 0 0 0 0 0 0 0
Car 502 109 46 54 0 0 0 0 0 0 0
Car 451 70 107 40 0 0 0 0 0 0 0
