% bbGt version=3
Bus 494 324 153 174 0 0 0 0 0 0 0
People 321 487 21 55 0 0 0 0 0 0 0
People 349 473 20 49 0 0 0 0 0 0 0
People 342 507 24 58 0 0 0 0 0 0 0
People 366 475 17 58 0 0 0 0 0 0 0
People 375 514 21 51 0 0 0 0 0 0 0
People 421 447 18 51 0 0 0 0 0 0 0
People 437 450 14 58 0 0 0 0 0 0 0
People 471 499 26 54 0 0 0 0 0 0 0
Bicycle 625 355 34 30 0 0 0 0 0 0 0
People 621 333 37 32 0 0 0 0 0 0 0
People 698 327 16 33 0 0 0 0 0 0 0
People 689 267 18 30 0 0 0 0 0 0 0
People 753 222 18 26 0 0 0 0 0 0 0
People 670 286 17 26 0 0 0 0 0 0 0
People 491 376 19 40 0 0 0 0 0 0 0
Car 800 212 31 36 0 0 0 0 0 0 0
Car 774 236 29 31 0 0 0 0 0 0 0
Car 744 245 47 39 0 0 0 0 0 0 0
Car 717 270 43 39 0 0 0 0 0 0 0
Car 773 287 41 34 0 0 0 0 0 0 0
Car 717 391 58 63 0 0 0 0 0 0 0
Car 649 475 68 66 0 0 0 0 0 0 0
Car 573 544 93 70 0 0 0 0 0 0 0
Car 319 567 102 44 0 0 0 0 0 0 0
