% bbGt version=3
Cat 213 274 225 198 0 0 0 0 0 0 0
People 192 256 20 41 0 0 0 0 0 0 0
People 231 217 27 42 0 0 0 0 0 0 0
People 192 178 23 33 0 0 0 0 0 0 0
People 252 182 18 31 0 0 0 0 0 0 0
People 266 189 16 34 0 0 0 0 0 0 0
People 285 167 17 31 0 0 0 0 0 0 0
People 317 199 26 43 0 0 0 0 0 0 0
People 220 129 16 24 0 0 0 0 0 0 0
People 349 163 24 27 0 0 0 0 0 0 0
People 350 176 18 33 0 0 0 0 0 0 0
People 406 165 18 35 0 0 0 0 0 0 0
People 446 221 17 43 0 0 0 0 0 0 0
People 474 268 20 48 0 0 0 0 0 0 0
