% bbGt version=3
Table 2 202 124 66 0 0 0 0 0 0 0
Table 309 189 108 137 0 0 0 0 0 0 0
Table 173 172 64 36 0 0 0 0 0 0 0
People 100 156 32 30 0 0 0 0 0 0 0
People 4 126 55 67 0 0 0 0 0 0 0
People 129 145 42 41 0 0 0 0 0 0 0
People 204 152 21 26 0 0 0 0 0 0 0
People 216 155 25 23 0 0 0 0 0 0 0
People 237 151 26 30 0 0 0 0 0 0 0
People 265 157 29 47 0 0 0 0 0 0 0
People 282 149 52 50 0 0 0 0 0 0 0
People 310 151 30 35 0 0 0 0 0 0 0
People 333 157 49 42 0 0 0 0 0 0 0
People 381 153 30 29 0 0 0 0 0 0 0
People 402 160 39 47 0 0 0 0 0 0 0
People 424 165 33 42 0 0 0 0 0 0 0
People 346 141 25 28 0 0 0 0 0 0 0
Chair 107 196 100 135 0 0 0 0 0 0 0
Chair 213 171 47 115 0 0 0 0 0 0 0
Chair 272 183 65 138 0 0 0 0 0 0 0
Chair 373 196 114 132 0 0 0 0 0 0 0
