% bbGt version=3
People 90 53 38 56 0 0 0 0 0 0 0
People 130 57 36 96 0 0 0 0 0 0 0
People 81 93 137 146 0 0 0 0 0 0 0
People 192 85 87 80 0 0 0 0 0 0 0
People 301 89 64 74 0 0 0 0 0 0 0
People 357 100 88 131 0 0 0 0 0 0 0
People 178 163 298 311 0 0 0 0 0 0 0
People 576 89 61 131 0 0 0 0 0 0 0
Bottle 223 131 16 44 0 0 0 0 0 0 0
Bottle 279 125 16 41 0 0 0 0 0 0 0
Table 180 146 194 97 0 0 0 0 0 0 0
Table 389 118 115 88 0 0 0 0 0 0 0
Chair 132 212 144 137 0 0 0 0 0 0 0
Chair 508 152 76 127 0 0 0 0 0 0 0
Chair 541 182 97 152 0 0 0 0 0 0 0
Bottle 14 274 85 202 0 0 0 0 0 0 0
Bottle 126 292 72 184 0 0 0 0 0 0 0
