% bbGt version=3
Table 233 234 200 237 0 0 0 0 0 0 0
Cup 37 211 21 25 0 0 0 0 0 0 0
Cup 109 213 24 21 0 0 0 0 0 0 0
Cup 259 203 27 42 0 0 0 0 0 0 0
Cup 237 190 29 56 0 0 0 0 0 0 0
Cup 328 189 39 64 0 0 0 0 0 0 0
Cup 386 197 32 54 0 0 0 0 0 0 0
Cup 410 194 38 59 0 0 0 0 0 0 0
Cup 555 218 18 32 0 0 0 0 0 0 0
Cup 570 214 21 38 0 0 0 0 0 0 0
Bottle 562 118 21 68 0 0 0 0 0 0 0
Bottle 591 169 43 54 0 0 0 0 0 0 0
Bottle 525 173 38 50 0 0 0 0 0 0 0
Chair 16 229 107 182 0 0 0 0 0 0 0
Chair 109 216 73 251 0 0 0 0 0 0 0
Chair 145 207 186 279 0 0 0 0 0 0 0
Chair 369 219 155 259 0 0 0 0 0 0 0
Chair 570 230 69 180 0 0 0 0 0 0 0
