% bbGt version=3
Bottle 357 133 24 56 0 0 0 0 0 0 0
Bottle 436 128 17 41 0 0 0 0 0 0 0
Bottle 447 127 19 44 0 0 0 0 0 0 0
Cup 323 152 21 42 0 0 0 0 0 0 0
Bottle 6 113 16 34 0 0 0 0 0 0 0
Bottle 20 104 13 42 0 0 0 0 0 0 0
Bottle 35 125 17 37 0 0 0 0 0 0 0
Bottle 50 128 12 33 0 0 0 0 0 0 0
Bottle 64 129 14 29 0 0 0 0 0 0 0
Bottle 58 106 29 27 0 0 0 0 0 0 0
Bottle 91 107 15 37 0 0 0 0 0 0 0
Bottle 83 116 14 35 0 0 0 0 0 0 0
People 212 110 28 36 0 0 0 0 0 0 0
People 233 93 60 96 0 0 0 0 0 0 0
People 455 110 77 211 0 0 0 0 0 0 0
People 523 114 66 94 0 0 0 0 0 0 0
Chair 117 204 141 184 0 0 0 0 0 0 0
Chair 238 188 115 199 0 0 0 0 0 0 0
Chair 347 178 88 195 0 0 0 0 0 0 0
Chair 457 186 102 183 0 0 0 0 0 0 0
