% bbGt version=3
Chair 526 519 81 106 0 0 0 0 0 0 0
Chair 691 570 75 170 0 0 0 0 0 0 0
Chair 727 591 67 165 0 0 0 0 0 0 0
Chair 784 620 81 142 0 0 0 0 0 0 0
Chair 16 538 42 78 0 0 0 0 0 0 0
Chair 95 541 123 170 0 0 0 0 0 0 0
People 223 530 80 81 0 0 0 0 0 0 0
People 387 558 153 187 0 0 0 0 0 0 0
People 419 478 77 59 0 0 0 0 0 0 0
People 346 475 45 53 0 0 0 0 0 0 0
People 254 475 62 52 0 0 0 0 0 0 0
People 590 467 40 64 0 0 0 0 0 0 0
People 761 469 48 77 0 0 0 0 0 0 0
People 805 487 79 97 0 0 0 0 0 0 0
People 706 504 82 89 0 0 0 0 0 0 0
People 772 512 97 100 0 0 0 0 0 0 0
People 890 416 108 226 0 0 0 0 0 0 0
