% bbGt version=3
Chair 170 116 31 50 0 0 0 0 0 0 0
Chair 135 142 34 54 0 0 0 0 0 0 0
Chair 149 210 42 63 0 0 0 0 0 0 0
Chair 215 174 37 56 0 0 0 0 0 0 0
Chair 228 130 34 52 0 0 0 0 0 0 0
Chair 190 312 43 62 0 0 0 0 0 0 0
Chair 234 307 42 65 0 0 0 0 0 0 0
Chair 354 122 36 43 0 0 0 0 0 0 0
Chair 360 152 30 43 0 0 0 0 0 0 0
Chair 343 166 34 48 0 0 0 0 0 0 0
Chair 308 162 37 53 0 0 0 0 0 0 0
Chair 257 237 37 58 0 0 0 0 0 0 0
Chair 281 285 48 61 0 0 0 0 0 0 0
Chair 321 262 42 60 0 0 0 0 0 0 0
Chair 352 232 37 60 0 0 0 0 0 0 0
Chair 411 194 40 49 0 0 0 0 0 0 0
Chair 411 224 42 60 0 0 0 0 0 0 0
Chair 455 253 43 68 0 0 0 0 0 0 0
