% bbGt version=3
Chair 345 377 72 127 0 0 0 0 0 0 0
Chair 319 353 59 88 0 0 0 0 0 0 0
Chair 56 507 83 128 0 0 0 0 0 0 0
Chair 100 459 80 171 0 0 0 0 0 0 0
Chair 179 392 46 123 0 0 0 0 0 0 0
Chair 225 369 40 78 0 0 0 0 0 0 0
Table 11 470 117 49 0 0 0 0 0 0 0
Table 4 520 78 73 0 0 0 0 0 0 0
People 73 349 129 250 0 0 0 0 0 0 0
People 150 344 55 49 0 0 0 0 0 0 0
People 211 340 42 78 0 0 0 0 0 0 0
People 251 297 22 44 0 0 0 0 0 0 0
People 284 293 29 66 0 0 0 0 0 0 0
People 299 317 34 41 0 0 0 0 0 0 0
Car 87 293 119 71 0 0 0 0 0 0 0
