% bbGt version=3
People 140 626 50 55 0 0 0 0 0 0 0
People 177 663 43 72 0 0 0 0 0 0 0
People 214 664 46 76 0 0 0 0 0 0 0
People 822 646 89 113 0 0 0 0 0 0 0
People 362 617 73 57 0 0 0 0 0 0 0
People 355 681 99 57 0 0 0 0 0 0 0
People 439 667 47 72 0 0 0 0 0 0 0
People 495 663 42 78 0 0 0 0 0 0 0
People 541 658 42 82 0 0 0 0 0 0 0
People 539 615 28 65 0 0 0 0 0 0 0
People 571 611 39 85 0 0 0 0 0 0 0
People 658 652 48 91 0 0 0 0 0 0 0
People 623 569 58 48 0 0 0 0 0 0 0
People 518 566 27 59 0 0 0 0 0 0 0
