% bbGt version=3
People 120 195 42 50 0 0 0 0 0 0 0
People 24 200 26 51 0 0 0 0 0 0 0
People 4 201 57 239 0 0 0 0 0 0 0
People 69 227 84 247 0 0 0 0 0 0 0
People 214 188 39 60 0 0 0 0 0 0 0
People 266 183 37 63 0 0 0 0 0 0 0
People 341 182 38 53 0 0 0 0 0 0 0
People 456 170 81 283 0 0 0 0 0 0 0
People 374 171 92 302 0 0 0 0 0 0 0
People 288 197 85 236 0 0 0 0 0 0 0
People 224 204 77 246 0 0 0 0 0 0 0
People 131 176 96 301 0 0 0 0 0 0 0
People 548 174 53 143 0 0 0 0 0 0 0
People 606 176 32 109 0 0 0 0 0 0 0
