% bbGt version=3
People 234 849 416 1528 0 0 0 0 0 0 0
People 505 779 253 471 0 0 0 0 0 0 0
People 820 817 288 312 0 0 0 0 0 0 0
People 1142 842 301 1334 0 0 0 0 0 0 0
People 1305 772 291 353 0 0 0 0 0 0 0
People 1641 883 288 1182 0 0 0 0 0 0 0
People 2026 835 170 281 0 0 0 0 0 0 0
People 2099 758 301 1396 0 0 0 0 0 0 0
People 2265 779 350 1566 0 0 0 0 0 0 0
People 2313 783 693 1615 0 0 0 0 0 0 0
People 1835 914 381 1223 0 0 0 0 0 0 0
People 945 939 409 1424 0 0 0 0 0 0 0
People 671 887 360 1518 0 0 0 0 0 0 0
