% bbGt version=3
People 4 98 48 134 0 0 0 0 0 0 0
People 34 105 66 141 0 0 0 0 0 0 0
People 144 146 24 92 0 0 0 0 0 0 0
People 124 146 27 81 0 0 0 0 0 0 0
People 174 143 36 94 0 0 0 0 0 0 0
People 218 151 28 44 0 0 0 0 0 0 0
People 271 142 27 95 0 0 0 0 0 0 0
People 290 144 28 93 0 0 0 0 0 0 0
People 317 139 29 95 0 0 0 0 0 0 0
People 341 131 36 101 0 0 0 0 0 0 0
People 373 122 35 110 0 0 0 0 0 0 0
People 399 111 44 113 0 0 0 0 0 0 0
People 207 118 74 134 0 0 0 0 0 0 0
People 72 70 90 185 0 0 0 0 0 0 0
