% bbGt version=3
People 299 638 111 71 0 0 0 0 0 0 0
People 578 637 47 123 0 0 0 0 0 0 0
People 612 633 63 82 0 0 0 0 0 0 0
People 349 694 72 127 0 0 0 0 0 0 0
People 267 738 72 80 0 0 0 0 0 0 0
People 194 655 32 53 0 0 0 0 0 0 0
People 118 651 47 132 0 0 0 0 0 0 0
People 73 642 67 211 0 0 0 0 0 0 0
People 32 704 69 168 0 0 0 0 0 0 0
People 143 666 78 260 0 0 0 0 0 0 0
People 180 681 110 314 0 0 0 0 0 0 0
People 596 695 121 324 0 0 0 0 0 0 0
People 460 695 167 312 0 0 0 0 0 0 0
Chair 269 741 183 60 0 0 0 0 0 0 0
