% bbGt version=3
People 316 143 37 61 0 0 0 0 0 0 0
People 413 141 43 58 0 0 0 0 0 0 0
People 500 148 57 64 0 0 0 0 0 0 0
People 556 160 39 59 0 0 0 0 0 0 0
People 385 61 41 60 0 0 0 0 0 0 0
People 429 68 39 85 0 0 0 0 0 0 0
People 480 62 42 96 0 0 0 0 0 0 0
People 197 107 33 99 0 0 0 0 0 0 0
People 126 131 37 51 0 0 0 0 0 0 0
People 16 102 75 51 0 0 0 0 0 0 0
People 12 182 68 94 0 0 0 0 0 0 0
People 33 152 69 88 0 0 0 0 0 0 0
People 602 154 35 69 0 0 0 0 0 0 0
People 598 96 37 72 0 0 0 0 0 0 0
