% bbGt version=3
People 553 738 315 364 0 0 0 0 0 0 0
People 962 717 246 1182 0 0 0 0 0 0 0
People 1298 797 191 1029 0 0 0 0 0 0 0
People 1142 755 208 1147 0 0 0 0 0 0 0
People 1447 824 239 929 0 0 0 0 0 0 0
People 1589 693 201 326 0 0 0 0 0 0 0
People 1669 772 312 1091 0 0 0 0 0 0 0
People 1797 817 402 1199 0 0 0 0 0 0 0
People 2015 793 281 243 0 0 0 0 0 0 0
People 2102 748 478 1268 0 0 0 0 0 0 0
People 2300 932 419 1428 0 0 0 0 0 0 0
People 744 810 333 1199 0 0 0 0 0 0 0
People 456 890 374 1185 0 0 0 0 0 0 0
People 182 849 374 1279 0 0 0 0 0 0 0
