% bbGt version=3
People 2459 790 239 353 0 0 0 0 0 0 0
People 37 686 343 1558 0 0 0 0 0 0 0
People 290 741 312 1355 0 0 0 0 0 0 0
People 505 817 229 281 0 0 0 0 0 0 0
People 487 724 610 1698 0 0 0 0 0 0 0
People 907 804 381 1532 0 0 0 0 0 0 0
People 1544 814 301 1518 0 0 0 0 0 0 0
People 1721 793 471 1618 0 0 0 0 0 0 0
People 2026 810 291 1556 0 0 0 0 0 0 0
People 1177 713 541 1681 0 0 0 0 0 0 0
People 2258 925 291 1275 0 0 0 0 0 0 0
People 2435 772 402 1424 0 0 0 0 0 0 0
People 2615 925 440 1480 0 0 0 0 0 0 0
