% bbGt version=3
People 272 44 60 79 0 0 0 0 0 0 0
People 313 54 49 69 0 0 0 0 0 0 0
People 374 13 73 143 0 0 0 0 0 0 0
Cup 6 152 32 60 0 0 0 0 0 0 0
Cup 49 159 43 48 0 0 0 0 0 0 0
Cup 153 130 29 48 0 0 0 0 0 0 0
Cup 339 143 29 48 0 0 0 0 0 0 0
Cup 363 173 57 38 0 0 0 0 0 0 0
Cup 429 226 48 55 0 0 0 0 0 0 0
Table 120 70 153 47 0 0 0 0 0 0 0
Chair 95 77 60 78 0 0 0 0 0 0 0
Chair 13 77 46 66 0 0 0 0 0 0 0
Chair 53 92 38 74 0 0 0 0 0 0 0
Chair 137 87 63 56 0 0 0 0 0 0 0
Chair 247 89 60 49 0 0 0 0 0 0 0
