% bbGt version=3
People 359 272 55 127 0 0 0 0 0 0 0
People 49 319 172 230 0 0 0 0 0 0 0
People 187 297 36 85 0 0 0 0 0 0 0
People 423 255 40 130 0 0 0 0 0 0 0
People 503 273 40 120 0 0 0 0 0 0 0
People 536 272 39 122 0 0 0 0 0 0 0
People 624 249 43 142 0 0 0 0 0 0 0
People 652 259 51 129 0 0 0 0 0 0 0
People 685 259 57 137 0 0 0 0 0 0 0
People 803 255 48 138 0 0 0 0 0 0 0
People 778 243 38 146 0 0 0 0 0 0 0
People 898 298 100 205 0 0 0 0 0 0 0
People 437 312 85 153 0 0 0 0 0 0 0
People 237 250 107 272 0 0 0 0 0 0 0
