% bbGt version=3
People 162 793 381 1317 0 0 0 0 0 0 0
People 449 845 343 1254 0 0 0 0 0 0 0
People 598 706 246 333 0 0 0 0 0 0 0
People 959 679 267 1209 0 0 0 0 0 0 0
People 730 765 388 1254 0 0 0 0 0 0 0
People 1139 727 260 1234 0 0 0 0 0 0 0
People 1284 734 291 1091 0 0 0 0 0 0 0
People 1444 779 277 1074 0 0 0 0 0 0 0
People 1655 686 211 319 0 0 0 0 0 0 0
People 1690 731 333 1185 0 0 0 0 0 0 0
People 1856 762 419 1292 0 0 0 0 0 0 0
People 2060 765 239 298 0 0 0 0 0 0 0
People 2161 696 482 1372 0 0 0 0 0 0 0
People 2296 911 495 1473 0 0 0 0 0 0 0
