% bbGt version=3
People 132 105 39 94 0 0 0 0 0 0 0
People 159 118 39 66 0 0 0 0 0 0 0
People 191 56 157 152 0 0 0 0 0 0 0
People 299 111 57 91 0 0 0 0 0 0 0
People 412 104 36 71 0 0 0 0 0 0 0
People 4 116 45 130 0 0 0 0 0 0 0
People 23 168 110 150 0 0 0 0 0 0 0
People 136 166 111 108 0 0 0 0 0 0 0
People 234 149 129 132 0 0 0 0 0 0 0
People 342 154 104 206 0 0 0 0 0 0 0
Cup 248 181 23 33 0 0 0 0 0 0 0
Cup 323 276 25 42 0 0 0 0 0 0 0
Cup 282 293 30 36 0 0 0 0 0 0 0
Cup 221 311 32 46 0 0 0 0 0 0 0
Cup 132 297 29 37 0 0 0 0 0 0 0
Cup 92 282 27 31 0 0 0 0 0 0 0
Cup 106 259 22 37 0 0 0 0 0 0 0
Bottle 175 231 23 41 0 0 0 0 0 0 0
Bottle 198 241 19 47 0 0 0 0 0 0 0
Bottle 479 199 19 41 0 0 0 0 0 0 0
Cup 451 208 14 28 0 0 0 0 0 0 0
Chair 78 150 36 67 0 0 0 0 0 0 0
Table 50 260 323 107 0 0 0 0 0 0 0
