% bbGt version=3
People 411 710 253 430 0 0 0 0 0 0 0
People 751 765 249 343 0 0 0 0 0 0 0
People 1069 748 308 1376 0 0 0 0 0 0 0
People 1208 686 340 371 0 0 0 0 0 0 0
People 1319 800 402 1344 0 0 0 0 0 0 0
People 1600 824 298 1230 0 0 0 0 0 0 0
People 2095 734 305 371 0 0 0 0 0 0 0
People 1981 755 288 357 0 0 0 0 0 0 0
People 1749 842 398 1085 0 0 0 0 0 0 0
People 2168 783 360 1459 0 0 0 0 0 0 0
People 2414 731 541 1681 0 0 0 0 0 0 0
People 861 859 392 1473 0 0 0 0 0 0 0
People 508 883 440 1507 0 0 0 0 0 0 0
People 89 790 530 1604 0 0 0 0 0 0 0
