% bbGt version=3
Bicycle 8 207 490 117 0 0 0 0 0 0 0
Bicycle 11 146 82 72 0 0 0 0 0 0 0
Bicycle 78 129 38 70 0 0 0 0 0 0 0
Bicycle 109 165 36 81 0 0 0 0 0 0 0
Bicycle 166 155 65 87 0 0 0 0 0 0 0
Bicycle 264 138 125 85 0 0 0 0 0 0 0
Bicycle 439 140 58 63 0 0 0 0 0 0 0
People 11 102 45 61 0 0 0 0 0 0 0
People 218 121 50 90 0 0 0 0 0 0 0
People 386 127 54 100 0 0 0 0 0 0 0
People 478 87 19 44 0 0 0 0 0 0 0
People 447 85 25 51 0 0 0 0 0 0 0
People 428 82 19 65 0 0 0 0 0 0 0
People 402 82 24 58 0 0 0 0 0 0 0
People 379 81 22 57 0 0 0 0 0 0 0
People 356 78 22 62 0 0 0 0 0 0 0
People 287 76 67 59 0 0 0 0 0 0 0
People 243 86 25 57 0 0 0 0 0 0 0
People 218 82 25 62 0 0 0 0 0 0 0
People 188 94 28 57 0 0 0 0 0 0 0
People 112 78 70 59 0 0 0 0 0 0 0
People 36 76 72 48 0 0 0 0 0 0 0
