% bbGt version=3
Bicycle 191 211 130 166 0 0 0 0 0 0 0
Bicycle 22 215 145 149 0 0 0 0 0 0 0
Car 134 181 58 32 0 0 0 0 0 0 0
Car 294 173 48 30 0 0 0 0 0 0 0
Car 360 168 50 36 0 0 0 0 0 0 0
Car 403 157 42 48 0 0 0 0 0 0 0
Car 427 152 70 52 0 0 0 0 0 0 0
Car 444 154 146 119 0 0 0 0 0 0 0
Motorbike 176 206 49 72 0 0 0 0 0 0 0
People 176 167 48 90 0 0 0 0 0 0 0
People 42 170 57 179 0 0 0 0 0 0 0
People 94 191 19 19 0 0 0 0 0 0 0
People 218 119 77 204 0 0 0 0 0 0 0
People 526 84 149 362 0 0 0 0 0 0 0
