% bbGt version=3
Bicycle 154 199 138 89 0 0 0 0 0 0 0
Bicycle 14 278 264 147 0 0 0 0 0 0 0
Bicycle 460 213 119 97 0 0 0 0 0 0 0
Bicycle 311 123 118 69 0 0 0 0 0 0 0
Car 182 152 172 121 0 0 0 0 0 0 0
Car 389 168 130 115 0 0 0 0 0 0 0
People 27 140 50 60 0 0 0 0 0 0 0
People 65 150 47 53 0 0 0 0 0 0 0
People 144 139 50 77 0 0 0 0 0 0 0
People 184 148 71 107 0 0 0 0 0 0 0
People 48 144 154 272 0 0 0 0 0 0 0
People 332 145 52 148 0 0 0 0 0 0 0
People 505 137 71 192 0 0 0 0 0 0 0
Car 559 167 41 38 0 0 0 0 0 0 0
Bus 555 142 55 36 0 0 0 0 0 0 0
