% bbGt version=3
Bicycle 71 262 79 93 0 0 0 0 0 0 0
Motorbike 464 254 63 40 0 0 0 0 0 0 0
Car 372 252 81 43 0 0 0 0 0 0 0
Car 584 242 55 56 0 0 0 0 0 0 0
People 479 243 26 46 0 0 0 0 0 0 0
People 562 261 17 24 0 0 0 0 0 0 0
People 86 234 51 111 0 0 0 0 0 0 0
People 138 263 26 70 0 0 0 0 0 0 0
People 176 282 23 42 0 0 0 0 0 0 0
People 194 278 31 51 0 0 0 0 0 0 0
People 220 277 26 56 0 0 0 0 0 0 0
People 256 246 26 46 0 0 0 0 0 0 0
People 252 274 66 75 0 0 0 0 0 0 0
People 296 276 49 60 0 0 0 0 0 0 0
