% bbGt version=3
Bicycle 539 329 116 94 0 0 0 0 0 0 0
Motorbike 291 350 113 77 0 0 0 0 0 0 0
Chair 921 325 39 52 0 0 0 0 0 0 0
People 24 287 79 86 0 0 0 0 0 0 0
People 130 288 32 68 0 0 0 0 0 0 0
People 193 291 43 91 0 0 0 0 0 0 0
People 223 291 40 60 0 0 0 0 0 0 0
People 282 287 61 70 0 0 0 0 0 0 0
People 388 289 27 75 0 0 0 0 0 0 0
People 422 291 27 63 0 0 0 0 0 0 0
People 437 283 32 93 0 0 0 0 0 0 0
People 471 290 27 64 0 0 0 0 0 0 0
People 495 285 34 79 0 0 0 0 0 0 0
People 535 296 30 52 0 0 0 0 0 0 0
People 572 296 72 118 0 0 0 0 0 0 0
People 636 295 26 73 0 0 0 0 0 0 0
People 679 297 32 73 0 0 0 0 0 0 0
People 802 289 24 68 0 0 0 0 0 0 0
People 844 298 33 76 0 0 0 0 0 0 0
People 891 289 39 83 0 0 0 0 0 0 0
People 936 288 27 83 0 0 0 0 0 0 0
People 962 289 36 67 0 0 0 0 0 0 0
People 989 281 30 124 0 0 0 0 0 0 0
