% bbGt version=3
Bicycle 304 211 125 91 0 0 0 0 0 0 0
Bicycle 176 186 165 85 0 0 0 0 0 0 0
Bicycle 87 194 75 61 0 0 0 0 0 0 0
Bicycle 7 198 77 111 0 0 0 0 0 0 0
Bicycle 559 184 79 110 0 0 0 0 0 0 0
Bicycle 472 198 64 69 0 0 0 0 0 0 0
Car 289 163 73 31 0 0 0 0 0 0 0
People 184 145 73 115 0 0 0 0 0 0 0
People 266 155 32 96 0 0 0 0 0 0 0
People 138 147 24 56 0 0 0 0 0 0 0
People 101 150 45 98 0 0 0 0 0 0 0
People 50 152 33 111 0 0 0 0 0 0 0
People 9 146 32 90 0 0 0 0 0 0 0
People 430 150 52 40 0 0 0 0 0 0 0
People 367 152 54 145 0 0 0 0 0 0 0
People 457 150 63 69 0 0 0 0 0 0 0
People 581 155 29 52 0 0 0 0 0 0 0
