% bbGt version=3
Bicycle 353 352 42 71 0 0 0 0 0 0 0
Bicycle 420 351 64 71 0 0 0 0 0 0 0
Bicycle 240 317 26 41 0 0 0 0 0 0 0
Bicycle 286 314 28 47 0 0 0 0 0 0 0
Bicycle 322 320 31 55 0 0 0 0 0 0 0
Bicycle 474 330 48 52 0 0 0 0 0 0 0
Bicycle 382 306 22 38 0 0 0 0 0 0 0
Bicycle 404 305 23 27 0 0 0 0 0 0 0
People 430 292 42 105 0 0 0 0 0 0 0
People 425 294 23 42 0 0 0 0 0 0 0
People 406 288 15 31 0 0 0 0 0 0 0
People 468 291 51 55 0 0 0 0 0 0 0
People 493 319 77 101 0 0 0 0 0 0 0
People 536 303 49 52 0 0 0 0 0 0 0
People 586 294 52 125 0 0 0 0 0 0 0
People 548 289 37 33 0 0 0 0 0 0 0
People 277 284 104 33 0 0 0 0 0 0 0
