% bbGt version=3
Bicycle 221 216 65 92 0 0 0 0 0 0 0
Bicycle 287 221 53 40 0 0 0 0 0 0 0
Bicycle 373 220 78 54 0 0 0 0 0 0 0
People 80 203 25 43 0 0 0 0 0 0 0
Motorbike 113 220 18 24 0 0 0 0 0 0 0
People 121 212 16 23 0 0 0 0 0 0 0
People 27 206 26 39 0 0 0 0 0 0 0
People 2 205 22 38 0 0 0 0 0 0 0
People 297 201 35 51 0 0 0 0 0 0 0
People 228 154 56 146 0 0 0 0 0 0 0
People 399 195 33 70 0 0 0 0 0 0 0
People 457 212 29 42 0 0 0 0 0 0 0
People 437 213 16 41 0 0 0 0 0 0 0
People 380 214 16 37 0 0 0 0 0 0 0
People 363 219 12 28 0 0 0 0 0 0 0
