% bbGt version=3
Bicycle 15 309 391 110 0 0 0 0 0 0 0
People 125 287 21 34 0 0 0 0 0 0 0
People 100 286 26 33 0 0 0 0 0 0 0
People 65 286 32 34 0 0 0 0 0 0 0
Motorbike 309 275 50 52 0 0 0 0 0 0 0
Bicycle 447 295 41 33 0 0 0 0 0 0 0
People 501 275 33 87 0 0 0 0 0 0 0
People 549 275 24 41 0 0 0 0 0 0 0
People 570 273 29 44 0 0 0 0 0 0 0
People 414 279 24 37 0 0 0 0 0 0 0
People 398 276 20 48 0 0 0 0 0 0 0
People 366 277 31 43 0 0 0 0 0 0 0
People 284 277 19 30 0 0 0 0 0 0 0
People 96 72 54 109 0 0 0 0 0 0 0
