% bbGt version=3
Bicycle 1398 1688 368 238 0 0 0 0 0 0 0
Car 765 1553 524 216 0 0 0 0 0 0 0
People 2837 1535 63 179 0 0 0 0 0 0 0
People 2889 1516 67 197 0 0 0 0 0 0 0
People 2960 1539 71 175 0 0 0 0 0 0 0
People 3027 1513 78 190 0 0 0 0 0 0 0
People 2666 1531 115 316 0 0 0 0 0 0 0
People 2547 1535 89 316 0 0 0 0 0 0 0
People 2450 1509 134 439 0 0 0 0 0 0 0
People 2216 1509 212 617 0 0 0 0 0 0 0
People 2041 1565 234 573 0 0 0 0 0 0 0
People 1832 1572 242 565 0 0 0 0 0 0 0
Chair 1788 1661 145 257 0 0 0 0 0 0 0
Chair 1178 1747 327 324 0 0 0 0 0 0 0
Chair 869 1784 383 353 0 0 0 0 0 0 0
