% bbGt version=3
Bicycle 30 264 131 181 0 0 0 0 0 0 0
Bicycle 180 211 25 44 0 0 0 0 0 0 0
Bicycle 140 211 42 89 0 0 0 0 0 0 0
People 227 188 15 35 0 0 0 0 0 0 0
People 257 201 42 45 0 0 0 0 0 0 0
People 315 201 29 46 0 0 0 0 0 0 0
People 338 201 37 52 0 0 0 0 0 0 0
People 361 204 36 77 0 0 0 0 0 0 0
People 396 197 25 38 0 0 0 0 0 0 0
People 413 199 47 51 0 0 0 0 0 0 0
Chair 266 250 50 74 0 0 0 0 0 0 0
Chair 327 260 56 76 0 0 0 0 0 0 0
Chair 468 246 52 75 0 0 0 0 0 0 0
Chair 406 262 48 69 0 0 0 0 0 0 0
Table 425 246 50 67 0 0 0 0 0 0 0
Table 300 252 79 70 0 0 0 0 0 0 0
Car 83 181 77 85 0 0 0 0 0 0 0
Car 35 195 99 92 0 0 0 0 0 0 0
Car 3 206 89 190 0 0 0 0 0 0 0
