% bbGt version=3
Bicycle 41 296 113 61 0 0 0 0 0 0 0
People 4 253 18 41 0 0 0 0 0 0 0
People 25 249 24 39 0 0 0 0 0 0 0
People 54 249 39 21 0 0 0 0 0 0 0
People 106 248 37 30 0 0 0 0 0 0 0
People 148 248 31 47 0 0 0 0 0 0 0
People 182 259 22 52 0 0 0 0 0 0 0
People 70 256 44 97 0 0 0 0 0 0 0
People 201 247 25 46 0 0 0 0 0 0 0
People 237 246 41 73 0 0 0 0 0 0 0
People 209 265 34 90 0 0 0 0 0 0 0
People 283 259 24 75 0 0 0 0 0 0 0
People 317 248 45 110 0 0 0 0 0 0 0
People 387 247 33 109 0 0 0 0 0 0 0
People 460 247 35 51 0 0 0 0 0 0 0
People 497 256 43 99 0 0 0 0 0 0 0
Car 4 270 199 86 0 0 0 0 0 0 0
Car 298 268 224 83 0 0 0 0 0 0 0
