% bbGt version=3
Bicycle 231 153 60 103 0 0 0 0 0 0 0
Bicycle 90 175 95 151 0 0 0 0 0 0 0
Bicycle 298 189 100 137 0 0 0 0 0 0 0
Bicycle 71 151 62 85 0 0 0 0 0 0 0
Bicycle 178 149 33 61 0 0 0 0 0 0 0
Car 3 125 95 92 0 0 0 0 0 0 0
Car 342 122 146 142 0 0 0 0 0 0 0
Car 278 134 34 49 0 0 0 0 0 0 0
People 173 118 19 28 0 0 0 0 0 0 0
People 184 130 26 69 0 0 0 0 0 0 0
People 71 104 60 77 0 0 0 0 0 0 0
People 104 96 87 169 0 0 0 0 0 0 0
People 228 103 57 123 0 0 0 0 0 0 0
People 302 96 86 173 0 0 0 0 0 0 0
