% bbGt version=3
Bicycle 470 321 112 86 0 0 0 0 0 0 0
People 58 249 35 62 0 0 0 0 0 0 0
People 17 235 29 83 0 0 0 0 0 0 0
People 164 237 20 39 0 0 0 0 0 0 0
People 188 233 26 45 0 0 0 0 0 0 0
People 211 227 22 52 0 0 0 0 0 0 0
People 228 228 24 50 0 0 0 0 0 0 0
People 262 230 19 67 0 0 0 0 0 0 0
People 286 250 30 84 0 0 0 0 0 0 0
People 314 224 23 41 0 0 0 0 0 0 0
People 340 228 21 54 0 0 0 0 0 0 0
People 317 253 24 79 0 0 0 0 0 0 0
People 347 254 25 77 0 0 0 0 0 0 0
People 367 218 27 39 0 0 0 0 0 0 0
People 284 210 24 37 0 0 0 0 0 0 0
People 244 206 23 41 0 0 0 0 0 0 0
People 137 205 21 37 0 0 0 0 0 0 0
People 177 206 40 39 0 0 0 0 0 0 0
People 381 237 24 58 0 0 0 0 0 0 0
People 405 230 22 34 0 0 0 0 0 0 0
People 408 255 31 65 0 0 0 0 0 0 0
People 441 233 25 61 0 0 0 0 0 0 0
People 473 220 15 52 0 0 0 0 0 0 0
People 481 228 21 63 0 0 0 0 0 0 0
People 501 226 24 63 0 0 0 0 0 0 0
People 525 229 20 54 0 0 0 0 0 0 0
People 551 258 29 79 0 0 0 0 0 0 0
People 596 261 31 84 0 0 0 0 0 0 0
People 581 233 34 65 0 0 0 0 0 0 0
People 449 256 38 92 0 0 0 0 0 0 0
People 503 292 35 116 0 0 0 0 0 0 0
People 385 290 30 82 0 0 0 0 0 0 0
People 228 286 54 110 0 0 0 0 0 0 0
People 177 311 66 108 0 0 0 0 0 0 0
