% bbGt version=3
Bicycle 59 545 320 151 0 0 0 0 0 0 0
Bicycle 401 509 229 111 0 0 0 0 0 0 0
Bicycle 639 486 139 96 0 0 0 0 0 0 0
People 87 456 59 177 0 0 0 0 0 0 0
People 135 481 102 143 0 0 0 0 0 0 0
People 230 442 35 71 0 0 0 0 0 0 0
People 236 457 134 208 0 0 0 0 0 0 0
People 423 454 65 116 0 0 0 0 0 0 0
People 484 459 65 133 0 0 0 0 0 0 0
People 550 457 63 125 0 0 0 0 0 0 0
People 635 450 71 125 0 0 0 0 0 0 0
People 678 438 51 84 0 0 0 0 0 0 0
People 732 439 45 68 0 0 0 0 0 0 0
Bicycle 829 477 38 46 0 0 0 0 0 0 0
Bicycle 786 473 27 52 0 0 0 0 0 0 0
Bicycle 889 451 47 49 0 0 0 0 0 0 0
Bicycle 964 459 40 36 0 0 0 0 0 0 0
