% bbGt version=3
Boat 113 208 72 37 0 0 0 0 0 0 0
Boat 307 225 59 27 0 0 0 0 0 0 0
Boat 286 216 47 29 0 0 0 0 0 0 0
Boat 225 170 58 77 0 0 0 0 0 0 0
Boat 182 163 34 76 0 0 0 0 0 0 0
People 160 315 30 67 0 0 0 0 0 0 0
People 266 275 24 45 0 0 0 0 0 0 0
People 250 278 18 41 0 0 0 0 0 0 0
People 293 279 21 52 0 0 0 0 0 0 0
People 309 293 18 53 0 0 0 0 0 0 0
People 323 292 16 52 0 0 0 0 0 0 0
People 336 271 14 27 0 0 0 0 0 0 0
People 337 295 22 54 0 0 0 0 0 0 0
People 381 267 15 39 0 0 0 0 0 0 0
People 366 288 20 46 0 0 0 0 0 0 0
People 407 290 27 46 0 0 0 0 0 0 0
People 529 287 22 45 0 0 0 0 0 0 0
