% bbGt version=3
Boat 37 358 85 44 0 0 0 0 0 0 0
Boat 58 370 82 46 0 0 0 0 0 0 0
Boat 184 283 61 88 0 0 0 0 0 0 0
Boat 202 355 70 46 0 0 0 0 0 0 0
Boat 246 380 87 42 0 0 0 0 0 0 0
Boat 273 355 78 33 0 0 0 0 0 0 0
Boat 312 332 79 31 0 0 0 0 0 0 0
Boat 365 365 74 40 0 0 0 0 0 0 0
Boat 405 351 70 27 0 0 0 0 0 0 0
Boat 563 357 78 43 0 0 0 0 0 0 0
Boat 498 353 58 28 0 0 0 0 0 0 0
Boat 434 337 57 18 0 0 0 0 0 0 0
Boat 504 326 41 26 0 0 0 0 0 0 0
Boat 543 339 42 20 0 0 0 0 0 0 0
Boat 547 308 90 30 0 0 0 0 0 0 0
Boat 414 316 91 21 0 0 0 0 0 0 0
