% bbGt version=3
Boat 53 209 120 58 0 0 0 0 0 0 0
Boat 123 230 154 91 0 0 0 0 0 0 0
Boat 262 280 308 142 0 0 0 0 0 0 0
Boat 268 229 165 40 0 0 0 0 0 0 0
Boat 322 186 95 29 0 0 0 0 0 0 0
Boat 391 208 102 48 0 0 0 0 0 0 0
Boat 414 169 216 54 0 0 0 0 0 0 0
Boat 443 241 183 95 0 0 0 0 0 0 0
Boat 507 214 130 58 0 0 0 0 0 0 0
Boat 249 157 42 24 0 0 0 0 0 0 0
Boat 215 162 33 17 0 0 0 0 0 0 0
Boat 159 157 46 25 0 0 0 0 0 0 0
Boat 110 159 47 28 0 0 0 0 0 0 0
Boat 81 176 40 18 0 0 0 0 0 0 0
Boat 4 163 62 27 0 0 0 0 0 0 0
