% bbGt version=3
Cup 353 553 53 84 0 0 0 0 0 0 0
Cup 279 402 35 48 0 0 0 0 0 0 0
Cup 318 399 34 36 0 0 0 0 0 0 0
People 196 354 129 120 0 0 0 0 0 0 0
People 306 357 153 233 0 0 0 0 0 0 0
People 428 360 130 214 0 0 0 0 0 0 0
People 587 282 79 296 0 0 0 0 0 0 0
People 629 260 104 345 0 0 0 0 0 0 0
People 460 158 24 69 0 0 0 0 0 0 0
People 476 160 31 74 0 0 0 0 0 0 0
People 527 161 25 76 0 0 0 0 0 0 0
People 549 153 36 100 0 0 0 0 0 0 0
People 617 158 31 76 0 0 0 0 0 0 0
People 569 157 37 74 0 0 0 0 0 0 0
Chair 182 467 172 160 0 0 0 0 0 0 0
Chair 375 470 113 166 0 0 0 0 0 0 0
Chair 477 522 165 173 0 0 0 0 0 0 0
Chair 7 576 212 222 0 0 0 0 0 0 0
Chair 399 657 359 144 0 0 0 0 0 0 0
Table 233 616 268 152 0 0 0 0 0 0 0
Table 57 448 276 117 0 0 0 0 0 0 0
