% bbGt version=3
Table 32 223 96 57 0 0 0 0 0 0 0
Table 174 252 316 76 0 0 0 0 0 0 0
Bottle 387 158 28 34 0 0 0 0 0 0 0
Chair 362 200 74 55 0 0 0 0 0 0 0
People 133 163 41 32 0 0 0 0 0 0 0
People 85 167 52 59 0 0 0 0 0 0 0
People 54 165 27 45 0 0 0 0 0 0 0
People 156 174 47 81 0 0 0 0 0 0 0
People 244 165 29 70 0 0 0 0 0 0 0
People 210 166 48 89 0 0 0 0 0 0 0
People 267 167 58 78 0 0 0 0 0 0 0
People 334 153 46 89 0 0 0 0 0 0 0
People 293 141 28 50 0 0 0 0 0 0 0
People 253 141 25 44 0 0 0 0 0 0 0
People 228 135 26 48 0 0 0 0 0 0 0
People 195 135 34 48 0 0 0 0 0 0 0
