% bbGt version=3
Chair 118 534 142 143 0 0 0 0 0 0 0
Chair 228 483 52 54 0 0 0 0 0 0 0
Chair 396 476 84 93 0 0 0 0 0 0 0
Chair 335 513 96 130 0 0 0 0 0 0 0
Chair 300 533 107 157 0 0 0 0 0 0 0
Chair 376 622 45 141 0 0 0 0 0 0 0
Chair 530 472 84 90 0 0 0 0 0 0 0
Chair 537 529 93 138 0 0 0 0 0 0 0
Chair 533 606 149 150 0 0 0 0 0 0 0
Chair 735 531 107 93 0 0 0 0 0 0 0
Table 8 625 189 137 0 0 0 0 0 0 0
Table 205 501 148 197 0 0 0 0 0 0 0
Table 333 472 70 96 0 0 0 0 0 0 0
Table 474 464 68 60 0 0 0 0 0 0 0
Table 443 511 111 109 0 0 0 0 0 0 0
Table 601 458 77 86 0 0 0 0 0 0 0
Table 735 458 78 117 0 0 0 0 0 0 0
Table 634 509 139 186 0 0 0 0 0 0 0
Table 405 600 159 167 0 0 0 0 0 0 0
Table 700 597 263 164 0 0 0 0 0 0 0
Table 821 493 164 130 0 0 0 0 0 0 0
