% bbGt version=3
Chair 259 326 111 99 0 0 0 0 0 0 0
Chair 165 288 79 103 0 0 0 0 0 0 0
Chair 117 266 58 74 0 0 0 0 0 0 0
Chair 508 294 94 109 0 0 0 0 0 0 0
Chair 389 267 58 84 0 0 0 0 0 0 0
Chair 307 256 46 65 0 0 0 0 0 0 0
Chair 251 245 43 56 0 0 0 0 0 0 0
Chair 220 238 33 49 0 0 0 0 0 0 0
Chair 192 233 31 43 0 0 0 0 0 0 0
Chair 370 241 29 43 0 0 0 0 0 0 0
Table 79 250 52 48 0 0 0 0 0 0 0
Table 99 259 66 58 0 0 0 0 0 0 0
Table 110 272 88 82 0 0 0 0 0 0 0
Table 157 289 137 113 0 0 0 0 0 0 0
Table 259 336 185 84 0 0 0 0 0 0 0
Table 184 241 37 32 0 0 0 0 0 0 0
Table 217 243 42 38 0 0 0 0 0 0 0
Table 254 248 54 50 0 0 0 0 0 0 0
Table 308 258 75 61 0 0 0 0 0 0 0
Table 391 271 96 86 0 0 0 0 0 0 0
Table 536 296 102 122 0 0 0 0 0 0 0
