% bbGt version=3
Table 193 269 129 97 0 0 0 0 0 0 0
Table 152 237 77 37 0 0 0 0 0 0 0
Table 136 217 56 26 0 0 0 0 0 0 0
Chair 9 214 55 155 0 0 0 0 0 0 0
Chair 108 208 37 74 0 0 0 0 0 0 0
Chair 175 214 47 61 0 0 0 0 0 0 0
Chair 135 259 47 111 0 0 0 0 0 0 0
Chair 157 284 81 89 0 0 0 0 0 0 0
Chair 306 266 95 93 0 0 0 0 0 0 0
Chair 247 209 40 61 0 0 0 0 0 0 0
Chair 280 213 32 45 0 0 0 0 0 0 0
Chair 319 215 31 68 0 0 0 0 0 0 0
Chair 341 221 33 67 0 0 0 0 0 0 0
Chair 365 228 48 82 0 0 0 0 0 0 0
Chair 407 249 68 52 0 0 0 0 0 0 0
Table 427 236 55 39 0 0 0 0 0 0 0
Table 237 291 257 63 0 0 0 0 0 0 0
