% bbGt version=3
Chair 25 294 79 118 0 0 0 0 0 0 0
Chair 87 305 76 105 0 0 0 0 0 0 0
Chair 170 319 92 83 0 0 0 0 0 0 0
Chair 407 280 73 67 0 0 0 0 0 0 0
Chair 471 264 63 83 0 0 0 0 0 0 0
Chair 172 408 198 267 0 0 0 0 0 0 0
Chair 339 391 179 253 0 0 0 0 0 0 0
Chair 479 356 143 182 0 0 0 0 0 0 0
Chair 675 325 125 149 0 0 0 0 0 0 0
Chair 629 266 66 53 0 0 0 0 0 0 0
Chair 766 275 84 141 0 0 0 0 0 0 0
Chair 935 293 78 84 0 0 0 0 0 0 0
Table 54 274 302 102 0 0 0 0 0 0 0
Table 323 258 193 74 0 0 0 0 0 0 0
Table 611 246 154 65 0 0 0 0 0 0 0
Table 802 269 191 157 0 0 0 0 0 0 0
Table 552 290 241 176 0 0 0 0 0 0 0
Table 46 363 575 307 0 0 0 0 0 0 0
Table 517 418 511 250 0 0 0 0 0 0 0
Cup 225 378 45 62 0 0 0 0 0 0 0
Cup 190 363 35 64 0 0 0 0 0 0 0
Cup 745 491 39 84 0 0 0 0 0 0 0
Cup 799 486 41 89 0 0 0 0 0 0 0
Cup 842 432 42 80 0 0 0 0 0 0 0
Cup 932 387 35 68 0 0 0 0 0 0 0
Cup 979 392 38 68 0 0 0 0 0 0 0
Cup 368 345 33 59 0 0 0 0 0 0 0
Cup 483 324 37 57 0 0 0 0 0 0 0
Cup 233 276 33 54 0 0 0 0 0 0 0
Cup 385 251 16 38 0 0 0 0 0 0 0
Cup 436 246 22 38 0 0 0 0 0 0 0
Cup 859 270 47 42 0 0 0 0 0 0 0
Cup 923 260 41 32 0 0 0 0 0 0 0
