% bbGt version=3
Cup 283 288 14 32 0 0 0 0 0 0 0
Cup 300 288 15 30 0 0 0 0 0 0 0
Table 90 287 107 77 0 0 0 0 0 0 0
Table 156 341 190 125 0 0 0 0 0 0 0
Table 303 283 73 32 0 0 0 0 0 0 0
Table 241 307 111 46 0 0 0 0 0 0 0
Table 358 267 67 29 0 0 0 0 0 0 0
Table 461 303 118 50 0 0 0 0 0 0 0
Table 510 342 125 77 0 0 0 0 0 0 0
Chair 62 280 73 96 0 0 0 0 0 0 0
Chair 141 269 73 95 0 0 0 0 0 0 0
Chair 211 271 43 67 0 0 0 0 0 0 0
Chair 351 297 45 122 0 0 0 0 0 0 0
Chair 274 323 95 152 0 0 0 0 0 0 0
Chair 97 340 140 135 0 0 0 0 0 0 0
Chair 373 283 46 77 0 0 0 0 0 0 0
Chair 444 280 52 105 0 0 0 0 0 0 0
Chair 506 305 97 107 0 0 0 0 0 0 0
Chair 512 362 124 111 0 0 0 0 0 0 0
