% bbGt version=3
Table 2115 1593 787 779 0 0 0 0 0 0 0
Table 658 1628 759 789 0 0 0 0 0 0 0
Chair 25 1784 696 643 0 0 0 0 0 0 0
Chair 1813 1517 378 661 0 0 0 0 0 0 0
Chair 2821 1436 245 444 0 0 0 0 0 0 0
Table 1155 1454 340 373 0 0 0 0 0 0 0
People 78 1315 300 391 0 0 0 0 0 0 0
People 219 1434 742 988 0 0 0 0 0 0 0
People 671 1351 229 416 0 0 0 0 0 0 0
People 318 1280 227 353 0 0 0 0 0 0 0
People 502 1293 245 227 0 0 0 0 0 0 0
People 893 1250 265 419 0 0 0 0 0 0 0
People 1253 1305 197 197 0 0 0 0 0 0 0
People 1510 1320 280 313 0 0 0 0 0 0 0
People 1762 1300 232 232 0 0 0 0 0 0 0
People 1926 1295 464 978 0 0 0 0 0 0 0
People 2214 1315 265 318 0 0 0 0 0 0 0
People 2390 1308 156 174 0 0 0 0 0 0 0
People 2698 1330 260 313 0 0 0 0 0 0 0
People 2420 1275 350 920 0 0 0 0 0 0 0
