% bbGt version=3
Chair 13 894 228 334 0 0 0 0 0 0 0
Chair 13 918 402 413 0 0 0 0 0 0 0
Chair 18 1033 427 755 0 0 0 0 0 0 0
Chair 1244 1345 734 552 0 0 0 0 0 0 0
Chair 809 935 378 402 0 0 0 0 0 0 0
Table 836 1139 1201 601 0 0 0 0 0 0 0
Table 472 875 533 459 0 0 0 0 0 0 0
Table 73 728 280 136 0 0 0 0 0 0 0
Table 621 753 274 114 0 0 0 0 0 0 0
Table 1007 731 223 139 0 0 0 0 0 0 0
Bottle 1437 1024 152 272 0 0 0 0 0 0 0
Bottle 1108 720 41 87 0 0 0 0 0 0 0
Bottle 744 701 49 98 0 0 0 0 0 0 0
People 1687 554 277 573 0 0 0 0 0 0 0
People 866 538 149 261 0 0 0 0 0 0 0
People 814 448 128 220 0 0 0 0 0 0 0
People 589 481 92 274 0 0 0 0 0 0 0
People 1200 590 98 242 0 0 0 0 0 0 0
Table 1282 875 397 220 0 0 0 0 0 0 0
Table 1986 1005 489 326 0 0 0 0 0 0 0
Bottle 2358 962 103 182 0 0 0 0 0 0 0
