% bbGt version=3
Cup 475 323 39 35 0 0 0 0 0 0 0
Cup 429 316 54 49 0 0 0 0 0 0 0
Cup 354 311 80 57 0 0 0 0 0 0 0
Cup 652 329 46 29 0 0 0 0 0 0 0
Cup 693 331 41 29 0 0 0 0 0 0 0
Cup 719 329 53 35 0 0 0 0 0 0 0
Cup 774 319 65 48 0 0 0 0 0 0 0
Table 157 342 944 368 0 0 0 0 0 0 0
People 223 137 336 431 0 0 0 0 0 0 0
People 103 34 355 598 0 0 0 0 0 0 0
People 8 9 375 693 0 0 0 0 0 0 0
People 682 204 118 136 0 0 0 0 0 0 0
People 797 130 114 201 0 0 0 0 0 0 0
People 706 70 359 594 0 0 0 0 0 0 0
People 855 7 413 686 0 0 0 0 0 0 0
People 508 127 143 391 0 0 0 0 0 0 0
