% bbGt version=3
Cup 333 259 25 49 0 0 0 0 0 0 0
Cup 348 243 14 55 0 0 0 0 0 0 0
Cup 366 258 23 49 0 0 0 0 0 0 0
Table 82 240 62 80 0 0 0 0 0 0 0
Table 152 261 73 97 0 0 0 0 0 0 0
Table 252 278 157 123 0 0 0 0 0 0 0
Chair 4 259 65 157 0 0 0 0 0 0 0
Chair 202 260 103 140 0 0 0 0 0 0 0
Chair 563 259 76 89 0 0 0 0 0 0 0
People 39 181 71 130 0 0 0 0 0 0 0
People 120 160 75 172 0 0 0 0 0 0 0
People 199 160 64 77 0 0 0 0 0 0 0
People 205 219 77 105 0 0 0 0 0 0 0
People 275 168 51 63 0 0 0 0 0 0 0
People 542 222 24 30 0 0 0 0 0 0 0
People 552 219 39 46 0 0 0 0 0 0 0
People 573 221 57 53 0 0 0 0 0 0 0
People 295 113 312 363 0 0 0 0 0 0 0
