% bbGt version=3
Table 216 361 170 162 0 0 0 0 0 0 0
Table 401 322 100 93 0 0 0 0 0 0 0
People 692 274 18 44 0 0 0 0 0 0 0
People 715 281 24 54 0 0 0 0 0 0 0
People 739 278 28 55 0 0 0 0 0 0 0
People 97 277 23 41 0 0 0 0 0 0 0
People 97 290 49 60 0 0 0 0 0 0 0
People 135 278 26 45 0 0 0 0 0 0 0
People 171 286 32 61 0 0 0 0 0 0 0
People 204 284 20 48 0 0 0 0 0 0 0
Motorbike 659 373 136 153 0 0 0 0 0 0 0
Motorbike 635 292 65 49 0 0 0 0 0 0 0
Car 487 282 72 81 0 0 0 0 0 0 0
Car 766 282 32 45 0 0 0 0 0 0 0
