% bbGt version=3
Bottle 222 251 27 65 0 0 0 0 0 0 0
Bottle 375 239 15 39 0 0 0 0 0 0 0
Chair 279 308 151 113 0 0 0 0 0 0 0
Chair 222 271 115 149 0 0 0 0 0 0 0
Chair 381 265 103 154 0 0 0 0 0 0 0
Chair 420 263 82 154 0 0 0 0 0 0 0
Chair 29 305 194 121 0 0 0 0 0 0 0
Chair 35 271 139 131 0 0 0 0 0 0 0
Table 76 286 274 128 0 0 0 0 0 0 0
Table 305 258 173 129 0 0 0 0 0 0 0
People 4 167 33 79 0 0 0 0 0 0 0
Cup 34 232 20 37 0 0 0 0 0 0 0
People 67 159 116 120 0 0 0 0 0 0 0
People 185 201 54 51 0 0 0 0 0 0 0
People 291 205 34 56 0 0 0 0 0 0 0
People 355 203 58 52 0 0 0 0 0 0 0
People 330 205 21 36 0 0 0 0 0 0 0
People 239 208 29 35 0 0 0 0 0 0 0
