% bbGt version=3
Chair 34 275 64 88 0 0 0 0 0 0 0
Chair 117 287 56 86 0 0 0 0 0 0 0
Chair 279 309 72 97 0 0 0 0 0 0 0
Chair 233 294 63 94 0 0 0 0 0 0 0
Chair 347 293 61 105 0 0 0 0 0 0 0
People 151 195 62 92 0 0 0 0 0 0 0
People 71 191 29 36 0 0 0 0 0 0 0
People 194 206 26 27 0 0 0 0 0 0 0
People 222 201 29 35 0 0 0 0 0 0 0
People 204 236 73 77 0 0 0 0 0 0 0
People 313 219 35 39 0 0 0 0 0 0 0
People 254 229 56 61 0 0 0 0 0 0 0
People 421 212 34 37 0 0 0 0 0 0 0
People 456 209 19 35 0 0 0 0 0 0 0
People 468 216 26 39 0 0 0 0 0 0 0
People 498 217 21 22 0 0 0 0 0 0 0
People 522 214 29 23 0 0 0 0 0 0 0
Table 269 295 124 102 0 0 0 0 0 0 0
Table 390 265 72 51 0 0 0 0 0 0 0
Table 47 274 101 77 0 0 0 0 0 0 0
People 42 197 30 35 0 0 0 0 0 0 0
People 61 102 22 58 0 0 0 0 0 0 0
People 76 102 33 52 0 0 0 0 0 0 0
