% bbGt version=3
Cup 123 209 18 32 0 0 0 0 0 0 0
Cup 107 228 29 49 0 0 0 0 0 0 0
Cup 175 206 22 33 0 0 0 0 0 0 0
Cup 186 225 20 28 0 0 0 0 0 0 0
Bottle 392 216 22 27 0 0 0 0 0 0 0
Cup 41 186 35 19 0 0 0 0 0 0 0
Boat 185 127 236 59 0 0 0 0 0 0 0
People 102 175 43 30 0 0 0 0 0 0 0
People 286 177 28 25 0 0 0 0 0 0 0
People 306 172 44 31 0 0 0 0 0 0 0
People 351 180 31 25 0 0 0 0 0 0 0
Chair 33 224 96 82 0 0 0 0 0 0 0
Chair 1 249 133 82 0 0 0 0 0 0 0
Chair 198 235 100 77 0 0 0 0 0 0 0
Chair 164 250 126 81 0 0 0 0 0 0 0
Chair 331 229 54 49 0 0 0 0 0 0 0
Chair 383 221 83 101 0 0 0 0 0 0 0
Table 32 220 242 73 0 0 0 0 0 0 0
