% bbGt version=3
Chair 7 365 302 348 0 0 0 0 0 0 0
Chair 787 376 485 336 0 0 0 0 0 0 0
Table 284 500 368 211 0 0 0 0 0 0 0
Table 652 225 257 105 0 0 0 0 0 0 0
Table 500 204 67 124 0 0 0 0 0 0 0
People 359 88 65 212 0 0 0 0 0 0 0
People 265 70 124 219 0 0 0 0 0 0 0
People 164 80 82 216 0 0 0 0 0 0 0
People 61 62 96 274 0 0 0 0 0 0 0
People 656 76 71 174 0 0 0 0 0 0 0
People 749 160 84 98 0 0 0 0 0 0 0
People 1122 68 111 371 0 0 0 0 0 0 0
People 1028 68 73 258 0 0 0 0 0 0 0
People 971 88 71 241 0 0 0 0 0 0 0
People 887 76 94 235 0 0 0 0 0 0 0
