% bbGt version=3
Bottle 156 1348 119 277 0 0 0 0 0 0 0
Bottle 281 1280 90 290 0 0 0 0 0 0 0
Bottle 356 1383 106 310 0 0 0 0 0 0 0
Bottle 478 1348 90 290 0 0 0 0 0 0 0
Bottle 675 1286 103 236 0 0 0 0 0 0 0
Bottle 791 1293 100 255 0 0 0 0 0 0 0
Bottle 1095 1344 81 242 0 0 0 0 0 0 0
Bottle 985 1302 100 268 0 0 0 0 0 0 0
Cup 591 1528 129 261 0 0 0 0 0 0 0
Table 127 1448 1181 484 0 0 0 0 0 0 0
Chair 982 1806 755 1226 0 0 0 0 0 0 0
People 759 1222 778 526 0 0 0 0 0 0 0
People 414 586 355 581 0 0 0 0 0 0 0
