% bbGt version=3
People 140 229 46 68 0 0 0 0 0 0 0
People 189 229 57 76 0 0 0 0 0 0 0
People 274 231 53 71 0 0 0 0 0 0 0
Bottle 43 286 18 29 0 0 0 0 0 0 0
Chair 60 312 87 62 0 0 0 0 0 0 0
Chair 92 269 48 51 0 0 0 0 0 0 0
Chair 130 263 50 73 0 0 0 0 0 0 0
Chair 185 311 78 58 0 0 0 0 0 0 0
Chair 312 269 49 65 0 0 0 0 0 0 0
Chair 338 257 53 74 0 0 0 0 0 0 0
Chair 382 264 45 36 0 0 0 0 0 0 0
Chair 345 291 91 69 0 0 0 0 0 0 0
Chair 416 279 61 79 0 0 0 0 0 0 0
Table 198 293 92 79 0 0 0 0 0 0 0
Chair 254 284 56 84 0 0 0 0 0 0 0
Table 1 297 84 51 0 0 0 0 0 0 0
Table 26 265 73 33 0 0 0 0 0 0 0
