% bbGt version=3
People 10 78 63 107 0 0 0 0 0 0 0
People 88 94 64 95 0 0 0 0 0 0 0
People 196 148 99 119 0 0 0 0 0 0 0
People 248 142 156 182 0 0 0 0 0 0 0
People 405 118 85 85 0 0 0 0 0 0 0
People 480 128 63 74 0 0 0 0 0 0 0
People 518 135 120 138 0 0 0 0 0 0 0
People 564 116 62 107 0 0 0 0 0 0 0
People 691 127 74 101 0 0 0 0 0 0 0
Chair 232 237 220 223 0 0 0 0 0 0 0
Chair 562 251 129 204 0 0 0 0 0 0 0
Chair 668 243 90 218 0 0 0 0 0 0 0
Table 79 202 149 188 0 0 0 0 0 0 0
Table 378 230 274 248 0 0 0 0 0 0 0
