% bbGt version=3
Cup 415 306 47 30 0 0 0 0 0 0 0
Cup 457 313 34 49 0 0 0 0 0 0 0
Cup 450 255 28 25 0 0 0 0 0 0 0
Cup 451 233 22 27 0 0 0 0 0 0 0
Cup 533 337 38 44 0 0 0 0 0 0 0
Cup 501 306 41 48 0 0 0 0 0 0 0
Cup 441 353 51 49 0 0 0 0 0 0 0
Cup 562 570 83 122 0 0 0 0 0 0 0
Chair 360 233 101 100 0 0 0 0 0 0 0
Chair 296 213 88 109 0 0 0 0 0 0 0
Chair 276 242 118 194 0 0 0 0 0 0 0
Chair 145 290 193 256 0 0 0 0 0 0 0
Chair 77 328 221 224 0 0 0 0 0 0 0
Chair 119 387 157 281 0 0 0 0 0 0 0
Chair 558 227 73 104 0 0 0 0 0 0 0
Chair 605 251 95 125 0 0 0 0 0 0 0
Chair 547 299 189 238 0 0 0 0 0 0 0
Chair 644 338 207 207 0 0 0 0 0 0 0
Chair 741 380 210 238 0 0 0 0 0 0 0
Chair 708 236 85 77 0 0 0 0 0 0 0
Chair 725 264 109 160 0 0 0 0 0 0 0
Chair 790 269 130 138 0 0 0 0 0 0 0
Cup 839 229 21 29 0 0 0 0 0 0 0
Cup 926 275 28 42 0 0 0 0 0 0 0
Table 710 235 246 87 0 0 0 0 0 0 0
Table 397 201 128 48 0 0 0 0 0 0 0
Table 400 243 191 65 0 0 0 0 0 0 0
Table 346 309 376 222 0 0 0 0 0 0 0
Table 169 523 687 208 0 0 0 0 0 0 0
