% bbGt version=3
People 520 263 37 37 0 0 0 0 0 0 0
Table 14 341 112 106 0 0 0 0 0 0 0
Table 152 326 75 79 0 0 0 0 0 0 0
Table 225 360 112 114 0 0 0 0 0 0 0
Table 40 413 234 62 0 0 0 0 0 0 0
Table 302 338 94 84 0 0 0 0 0 0 0
Table 349 320 75 71 0 0 0 0 0 0 0
Table 487 373 98 59 0 0 0 0 0 0 0
Table 502 341 76 34 0 0 0 0 0 0 0
Table 465 443 173 35 0 0 0 0 0 0 0
Chair 71 335 68 105 0 0 0 0 0 0 0
Chair 5 333 57 105 0 0 0 0 0 0 0
Chair 127 309 50 94 0 0 0 0 0 0 0
Chair 161 324 45 84 0 0 0 0 0 0 0
Chair 192 320 52 75 0 0 0 0 0 0 0
Chair 227 364 86 112 0 0 0 0 0 0 0
Chair 298 354 69 120 0 0 0 0 0 0 0
Chair 409 319 39 75 0 0 0 0 0 0 0
Chair 349 341 43 91 0 0 0 0 0 0 0
Chair 469 337 50 84 0 0 0 0 0 0 0
